D,3,6
D,3,9
D,3,3
P,3,6,71,2439.54
P,3,7,27,2744.18
P,3,6,618,4966.78
P,3,6,107,2213.4
P,3,6,2059,347.23
P,3,6,1795,1252.62
P,4,6,2683,1362.66
P,3,7,1279,3724.53
P,3,7,2814,2987.85
P,3,6,1234,4113.82
P,3,6,177,2223.44
P,3,6,1283,3777.7
P,3,6,1115,1204.72
P,3,6,298,1129.96
P,3,6,1152,2655.6
P,3,6,2227,3349.61
P,3,6,1507,1876.45
P,3,7,1793,2444.06
P,3,6,559,2496.73
P,3,6,1232,1322.03
P,3,7,771,3502.88
P,3,6,1903,2393.36
P,3,6,263,32.96
P,3,7,2241,1187.35
P,3,6,1283,437.67
P,3,6,2235,2486.24
P,5,4,1783,2559.44
P,3,6,331,3406.22
P,3,6,1019,1777.33
P,3,6,1277,4401.96
P,2,2,1549,2952.88
P,3,6,2235,4784.15
P,3,7,258,2457.91
P,3,7,1922,1356.9
P,9,8,2299,4320.21
P,3,7,2241,4168.35
P,3,7,75,1054.63
D,3,5
P,7,5,2509,2258.2
P,3,7,2099,693.74
D,3,6
D,3,10
S,3,7,11,31
S,3,6,20,25
O,3,7,1249
P,3,6,1251,3077.93
T
P,3,6,2481,2882.25
P,3,7,2035,2713.8
P,3,6,1277,1997.15
P,3,7,2306,4400.07
P,8,3,299,3814.06
P,3,7,2147,478.38
P,3,6,1021,3800.15
P,3,7,609,2256.82
P,3,6,1283,3366.78
P,10,9,1283,4807.48
P,5,9,371,3913.2
P,3,7,2129,3209.68
P,3,7,2989,67.29
P,3,7,2979,959.74
P,3,6,2211,807.84
P,3,6,1795,4318.19
P,3,7,639,2086.93
P,3,7,887,999.74
P,3,6,299,4749.44
P,3,7,1282,1510.67
D,3,6
D,3,2
D,3,3
N,989,3,7,10
5508,3,7
95972,3,9
56775,3,10
96580,3,7
20839,3,5
40647,3,8
77027,3,5
26076,3,5
35556,3,7
83555,3,3
N,2926,3,6,10
6159,3,6
93406,3,3
64925,3,9
35925,3,9
19926,3,9
38624,3,2
73447,3,3
48843,3,7
64210,3,9
79503,3,9
N,1279,3,7,20
87235,3,10
48609,3,1
40419,3,1
72257,3,3
15411,3,4
80351,3,6
49383,3,5
93847,3,7
70047,3,7
37497,3,2
63707,3,3
6110,3,1
20603,3,5
70375,3,6
11735,3,4
20157,3,5
79584,3,2
83551,3,5
80895,3,1
87623,3,2
N,2210,3,6,9
7730,3,5
11490,3,10
59095,3,7
96815,3,3
89808,3,2
38596,3,6
63011,3,4
56966,3,5
80588,3,10
N,1883,3,7,9
24163,3,1
15519,3,3
97894,3,3
24167,3,9
95964,3,9
98013,3,9
20054,3,2
29671,3,2
25319,3,2
N,703,3,7,16
97927,3,4
97699,3,7
48455,3,3
38117,3,8
61927,3,6
48607,3,9
95342,3,3
93927,3,4
64103,3,9
84679,3,8
4098,3,1
31783,3,8
23738,3,8
65244,5,9
91597,3,10
72935,3,3
N,2290,3,6,20
20159,3,7
21703,3,4
64049,3,4
79527,3,6
46813,3,3
11619,3,8
58901,3,6
45159,3,2
70359,3,3
5383,3,4
40542,3,1
39975,3,6
6150,3,1
40013,3,3
66087,3,4
31943,3,8
40677,3,1
51927,3,1
97671,3,7
22174,3,7
N,1810,3,7,12
75492,3,10
18710,3,5
19133,3,6
2116,3,3
28710,3,6
6215,3,2
91877,3,10
39383,3,1
14810,3,10
89811,3,10
97383,3,3
93526,3,6
N,2025,3,7,6
44222,3,7
36051,3,5
88675,3,7
23247,3,3
15943,3,8
23926,1,9
N,1145,3,7,19
9823,3,2
48622,3,10
65208,3,6
84581,3,9
76103,3,3
40675,3,8
79543,3,10
62855,3,5
32438,3,3
52871,3,4
39143,3,6
79582,3,5
65,3,9
18631,3,8
30531,3,10
24167,3,5
77254,3,6
13789,3,2
81639,3,10
N,1279,3,7,15
98014,3,7
44243,3,2
57059,3,7
48857,3,10
97939,3,7
18935,3,1
87655,3,6
93873,3,6
24231,3,7
48871,3,2
99963,3,9
9728,3,6
30174,3,1
89317,3,4
6179,3,1
N,2051,3,7,11
96982,3,3
84868,3,10
56011,3,3
32213,3,2
42627,3,4
75421,3,2
64310,3,6
89735,3,10
97074,3,9
89807,3,9
65249,3,7
N,1595,3,7,16
9254,3,3
81509,3,9
16003,3,8
77537,3,7
79582,3,9
78967,3,9
93926,3,7
51594,3,3
64479,3,5
97959,3,6
5687,3,5
56998,3,6
55939,3,10
31415,3,6
61094,3,3
5287,3,4
N,2208,3,6,10
87271,3,8
35004,3,10
5651,3,9
57057,3,5
61027,3,8
37603,3,7
84581,3,3
71207,3,8
93911,3,3
46787,3,5
N,2819,3,6,13
55967,3,2
32455,3,10
52774,3,3
88291,3,1
64743,3,10
14951,3,4
69863,3,2
32225,3,5
84444,3,9
81543,3,8
38246,3,1
10173,3,9
89030,3,5
N,1148,3,7,11
44371,3,6
56486,3,1
81494,3,2
93332,3,7
81245,3,8
72935,3,4
34215,3,8
15792,3,1
29329,3,10
5703,3,5
95815,3,7
N,138,3,6,18
23639,3,3
66818,3,2
31419,3,3
89246,3,8
77478,3,5
35079,3,2
68903,3,4
37415,3,7
56608,3,3
91861,3,2
72415,7,7
12224,3,4
38902,3,6
22193,3,6
96967,3,1
72766,3,7
15423,3,7
72602,3,4
N,329,3,7,7
47655,3,4
2085,3,10
36295,3,1
7879,3,8
40679,3,3
67,3,1
88103,3,7
N,235,3,7,13
52949,3,3
71799,3,2
81046,3,4
9571,3,9
25831,3,8
24293,3,6
29636,3,3
52967,3,1
61029,3,7
21451,3,8
94166,3,8
40679,3,9
85415,3,3
N,1283,3,7,16
56022,3,2
88679,3,4
13986,3,7
23762,3,5
60636,3,10
57062,3,8
61158,3,1
98022,3,5
82567,3,3
89318,3,6
9911,3,7
42718,3,5
69345,3,2
5955,3,5
64998,3,1
57058,3,8
N,289,3,6,19
98011,3,10
65185,3,3
40247,3,2
72853,3,6
62371,3,5
52686,3,1
6051,3,1
94935,3,1
11302,3,5
28237,3,5
89267,3,7
28389,3,4
54459,3,5
47439,3,10
34533,3,8
5927,3,9
6149,3,4
5539,3,7
32214,3,6
N,320,3,7,16
5107,3,3
71907,3,7
44251,3,2
11686,3,6
43579,3,1
95955,3,5
60643,3,9
40627,3,2
27614,3,6
95799,3,7
47847,3,9
32327,3,2
61095,3,7
81094,3,9
20071,3,7
36572,3,3
N,2275,3,6,18
58583,3,8
30274,3,8
88409,3,5
72854,3,1
18659,3,6
47495,3,10
73398,3,1
21221,3,5
56519,3,6
89317,3,4
15591,3,3
36455,3,3
72262,3,10
92903,3,5
80576,3,7
88805,3,9
73375,3,10
93743,3,9
N,2235,3,6,20
15951,3,6
56800,3,9
48868,3,6
97975,3,1
89727,3,5
60389,3,6
52573,3,4
56485,3,8
85211,3,8
12343,3,6
73055,3,5
32423,3,5
38439,3,2
37671,3,2
81559,3,1
1814,3,7
40509,3,6
6070,3,6
32243,3,5
94417,3,2
N,2043,3,7,20
54391,3,5
86687,3,1
30787,3,10
60869,3,3
63047,3,1
40418,3,5
3126,3,3
43231,3,8
89765,3,7
79587,3,6
81635,3,1
65991,3,1
7461,3,8
5523,3,5
57051,3,8
13521,3,3
69335,3,5
24102,3,6
44455,3,1
23423,3,9
N,673,3,7,16
11751,3,8
22207,3,5
65253,3,9
72343,3,1
97894,3,6
88551,3,9
69280,3,1
67813,3,8
56389,3,10
95956,3,3
81628,3,7
46814,3,7
73191,3,1
24159,7,3
30943,3,5
89822,3,8
N,1024,3,6,6
75969,3,1
88577,3,2
96999,3,6
89814,3,1
13365,3,7
3143,3,4
N,2307,3,6,17
94934,3,3
97053,3,6
31697,3,1
6199,3,3
72935,3,8
68967,3,7
37863,3,10
26247,3,9
65247,3,5
70375,3,1
46261,3,8
60578,3,6
15318,3,7
73415,3,7
5173,3,3
87575,3,10
97919,3,1
N,1283,3,6,8
48301,3,3
73435,3,8
89695,3,9
15810,3,2
60367,3,8
91615,3,4
72676,3,2
89570,3,4
N,1283,3,6,20
65254,3,1
5475,3,3
15559,3,2
86757,3,1
11910,3,4
64979,3,10
20115,3,3
47583,3,7
48337,3,8
95837,3,4
89287,3,8
70791,3,5
60903,3,2
32455,3,1
46686,3,2
54749,3,6
70821,3,5
93283,3,3
1479,3,5
12005,3,2
N,2810,3,7,11
10726,3,10
45797,3,3
81295,9,9
54748,3,8
31805,3,3
71396,3,6
84631,3,7
81477,3,6
46799,3,6
54487,3,7
81639,3,1
N,323,3,6,18
77271,3,4
54727,3,10
30823,3,1
6086,3,6
52966,3,6
59781,3,5
80613,3,1
80609,3,6
85717,3,3
65223,3,9
70534,3,8
62422,3,5
39991,3,2
47485,3,1
1604,3,9
64196,3,2
38623,3,6
5502,3,10
N,267,3,6,5
44699,3,6
20064,3,8
30927,3,10
89313,3,3
15334,3,6
N,2819,3,7,13
2085,3,8
11831,3,1
47947,3,9
32103,3,4
15587,3,7
81188,3,6
31969,3,4
44581,3,2
14325,3,8
46814,3,2
6183,3,1
73443,3,8
93911,3,6
N,1891,3,7,17
52854,3,5
62947,3,6
4979,3,6
56187,3,2
5703,3,2
14375,3,1
6707,3,10
85959,3,2
32386,3,1
31911,3,1
24279,3,10
6179,3,1
30807,3,3
39973,3,1
42597,3,10
83549,3,1
63079,3,8
N,1015,3,7,13
72934,3,10
81634,3,8
31967,3,1
70879,3,7
81638,3,1
29349,3,6
15207,3,6
85719,3,3
62821,3,7
73055,3,10
56770,3,2
93598,3,5
20190,3,1
N,1153,3,7,7
65255,3,8
6177,3,2
71239,3,10
97229,3,2
23845,3,6
68679,3,7
14951,3,6
N,275,3,7,20
44775,3,1
72355,3,1
73191,3,6
40342,3,5
24274,3,1
14423,3,5
15551,3,7
56295,4,8
5509,3,1
23695,3,7
81557,3,7
87735,3,4
73287,3,5
48839,3,6
64983,3,6
71302,3,6
85727,3,2
34535,3,1
6151,3,7
28886,3,9
N,743,3,6,18
61087,3,8
44391,3,6
79509,3,6
65250,3,1
73167,3,1
97446,3,7
72382,3,4
5171,3,2
54915,3,2
60135,3,10
95439,3,4
89814,3,10
16065,3,10
57031,3,2
5189,3,6
73431,3,5
55015,3,6
8063,3,5
N,1219,3,7,9
81617,3,9
81581,3,2
30427,3,4
34103,3,9
67303,3,6
88279,3,1
86758,3,7
79647,3,3
62561,3,3
N,2811,3,6,19
89779,3,4
14983,3,3
72167,3,10
26836,3,7
74395,3,6
73442,3,5
95578,3,8
59077,3,10
4907,3,4
27363,3,8
73173,3,4
81047,3,4
46755,3,2
89813,3,6
46676,3,10
62821,3,2
73177,3,9
98018,3,6
5189,3,10
N,2178,3,6,12
88671,3,1
41031,3,2
76501,3,8
63167,3,5
84319,3,7
88611,3,6
6199,3,3
30866,3,4
98021,3,3
48517,3,5
56855,3,6
81611,3,2
N,1155,3,6,16
97382,3,10
1854,3,4
2115,3,9
23254,3,4
96928,3,1
11815,3,1
98023,3,3
9310,3,7
69157,3,7
81431,3,1
81127,3,1
4662,3,7
32231,3,3
83175,3,5
56278,3,3
55005,3,8
N,1791,3,6,7
64535,3,1
52711,3,7
81091,3,4
38476,3,10
24286,3,9
52647,3,2
57063,3,10
N,199,3,7,9
4035,3,9
47838,3,8
88803,3,7
44103,3,2
8187,3,7
52958,3,5
87542,3,1
40101,3,8
34278,3,4
N,1191,3,7,11
97942,3,6
11615,3,10
72895,3,5
81236,7,1
46670,3,5
96926,3,7
24247,3,10
73391,3,1
39637,3,6
95463,3,9
14925,3,6
N,1081,3,6,5
2119,3,10
87775,3,3
98017,3,3
15454,3,6
84423,3,10
N,643,3,6,16
31973,3,6
48677,3,10
60383,3,2
81156,3,6
46693,3,5
80357,3,4
52807,3,3
89364,3,7
97543,3,9
95969,3,2
94758,3,8
87651,3,4
48807,3,1
50662,3,3
73282,3,9
14543,3,1
N,509,3,7,17
56902,3,9
39907,3,4
31798,3,5
62675,3,1
48871,3,1
85728,3,7
75169,3,4
40671,3,3
44775,3,5
13478,3,2
64999,3,10
46779,3,3
73417,3,4
30945,3,9
72673,3,3
86688,3,6
40357,3,8
N,647,3,6,11
1045,3,2
44391,3,1
1311,3,9
32423,3,10
48321,3,9
77541,3,6
28383,3,6
48583,3,6
6213,3,4
32470,3,5
3975,3,1
N,73,3,7,9
14005,3,7
97988,3,1
69319,3,5
48471,3,4
13122,2,9
93607,3,10
57063,3,10
81623,3,6
73443,3,10
N,307,3,6,8
92805,3,6
87655,3,4
73191,3,9
96486,3,4
40675,3,1
26343,3,4
64223,3,7
32407,3,6
N,2303,3,7,11
50149,3,3
87246,3,3
15335,3,3
40635,3,8
38311,3,10
48742,3,1
64867,3,7
76484,3,8
903,3,7
48022,3,3
88931,3,6
N,331,3,7,17
47327,3,8
88678,3,10
53927,3,6
56998,3,10
89827,3,2
21671,3,2
23653,3,1
64871,3,1
40484,3,9
72420,3,10
1605,3,1
87652,3,4
34533,3,4
66980,3,2
89666,3,10
2094,3,5
43622,3,1
N,1023,3,7,12
40483,3,6
8727,3,2
13515,3,1
15703,3,4
88733,3,9
95153,3,9
6151,3,2
96995,3,4
32455,3,8
44134,3,9
39907,3,6
98011,3,9
N,59,3,6,12
21722,3,3
73423,3,6
63559,3,8
86999,3,5
60119,3,4
73445,3,4
3059,3,7
48359,3,3
32486,3,1
79587,3,2
48102,3,7
29157,3,2
N,1139,3,7,5
10982,3,4
65254,3,4
50390,3,8
10247,3,10
65173,3,9
N,1282,3,6,16
16100,3,4
81607,3,6
32231,3,3
24039,3,8
15591,3,6
14007,3,10
88679,3,3
5191,3,6
72421,3,4
23824,3,1
85222,3,7
13926,8,2
14944,3,9
12294,3,1
9855,3,4
78819,3,2
N,1649,3,7,13
41186,3,10
60901,3,3
85077,3,8
77975,3,5
24039,3,2
89501,3,7
87734,3,7
56871,3,4
31440,3,8
4599,3,3
81471,3,6
54759,3,7
96601,3,10
N,1018,3,7,17
46523,3,8
14052,3,6
46730,3,5
88775,3,1
73435,3,3
23501,3,2
68327,3,5
38119,3,7
68035,3,3
14404,3,10
72926,3,9
40513,3,2
2111,3,6
71875,3,1
24179,3,8
77415,3,6
60891,3,7
N,2993,3,7,8
24035,3,4
48871,3,5
64197,3,10
23655,3,7
96927,3,7
93383,3,7
22695,3,1
93923,3,1
T
D,3,7
N,1258,3,7,17
23271,3,2
15077,3,4
31431,3,9
78439,3,7
24295,3,3
73351,3,1
52897,3,6
46758,3,8
93413,3,1
48487,3,1
23909,3,10
48867,3,4
15557,3,3
56988,3,4
15969,3,4
30343,3,6
78821,3,9
N,299,3,6,17
93413,3,5
72919,3,8
79767,3,1
81619,3,8
4739,3,4
39503,3,2
87623,3,7
68321,3,10
81637,9,6
76006,3,7
68055,3,6
78037,3,9
68839,3,1
10961,3,9
43222,3,10
81415,3,8
44647,3,4
N,1939,3,7,17
32391,3,3
89445,3,1
37511,3,7
96981,3,8
24276,3,3
5959,3,8
1925,3,10
19490,3,7
79078,3,4
32484,3,9
4159,2,4
64678,3,5
60094,3,4
4079,3,4
57047,3,4
60074,3,1
5838,3,1
N,1259,3,6,6
48470,3,8
28374,3,10
89543,3,7
65251,3,9
95716,3,8
27623,3,10
N,1407,3,7,6
30277,3,10
16013,3,1
68301,3,2
79507,3,3
13222,3,10
71621,3,9
N,757,3,6,5
55015,3,7
29015,4,4
40550,3,7
24261,3,2
64391,3,1
N,215,3,6,12
81383,3,10
32478,3,2
32295,3,4
87783,3,5
54999,3,1
25563,3,4
63067,3,7
77407,3,3
14982,3,4
73443,3,7
36515,3,10
61027,3,6
N,331,3,7,12
88757,3,8
65255,3,8
62166,3,5
23523,3,1
21220,3,8
54851,3,2
96987,3,10
55255,3,6
62691,3,5
93862,3,10
12019,3,9
89703,3,8
N,2051,3,7,15
79326,3,8
97499,3,6
54759,3,9
94951,3,6
89815,3,1
56447,3,10
32551,3,4
40677,3,2
13383,3,3
4726,3,8
72422,3,3
5829,3,5
53863,3,5
5702,3,8
1605,3,10
N,906,3,7,7
56341,3,3
19174,3,10
69077,3,3
56931,3,3
12443,3,1
18079,3,8
80995,3,7
N,1274,3,6,17
15983,3,10
38546,3,1
81127,3,4
40679,3,3
48279,3,4
88726,3,8
97319,3,1
54557,3,5
55871,3,8
1987,3,1
50727,3,10
97894,3,8
78035,3,2
88679,3,9
40418,3,10
87779,3,7
93223,3,7
P,3,6,2115,3269.92
P,3,6,203,3362.79
D,3,10
D,3,2
P,3,7,297,3205.78
P,3,7,1199,2786.81
S,3,7,13,46
T
N,1251,3,6,10
5942,3,2
24135,3,3
93887,3,8
81287,3,2
31718,3,10
24247,3,10
55847,3,2
57055,3,5
2231,3,5
1578,3,2
N,1279,3,7,14
24163,3,6
41647,3,4
81565,3,6
97509,3,5
37991,3,1
73431,3,5
30311,3,9
52915,3,2
65148,3,7
24035,3,7
32407,3,9
7862,3,2
21599,3,8
54365,3,7
N,1091,3,6,12
97693,3,10
24151,3,1
37854,3,6
16059,3,4
89254,3,6
79953,3,5
39079,3,6
72167,3,4
81511,3,2
64853,3,2
4110,3,5
48871,3,2
N,2099,3,6,11
36418,3,7
40534,3,6
80473,3,7
15943,3,4
93824,3,6
20918,3,4
37599,3,5
73446,3,3
23261,3,3
36451,3,7
14558,3,9
N,247,3,6,20
40679,3,9
93853,1,5
79494,3,2
40406,3,5
64989,3,6
55751,3,7
56039,3,5
64199,3,4
42558,3,6
30790,3,1
81509,3,8
56708,3,9
4087,3,5
39902,3,8
71303,3,9
51783,3,2
89287,3,5
27358,3,2
73371,3,7
32359,3,5
N,2947,3,6,18
98023,3,6
16075,3,9
5573,3,6
47810,3,9
65127,3,1
15055,3,1
13798,3,8
86711,3,2
10919,3,2
9799,3,9
22244,3,5
18131,3,10
43687,3,2
63175,3,2
52767,3,5
25571,3,2
85703,3,6
63955,3,1
N,135,3,7,10
62033,3,10
14819,3,9
15063,3,9
81639,3,10
15587,3,9
13959,3,6
56931,3,8
14027,3,9
24180,3,1
43721,3,2
N,995,3,7,12
15044,3,4
64539,3,5
13971,3,7
32231,3,2
14950,3,10
11550,3,7
67013,3,9
73317,3,4
65245,3,7
82662,3,10
36553,3,5
73414,3,4
N,2891,3,6,5
2814,3,3
97895,3,10
30337,3,7
39703,3,4
9429,3,7
N,866,3,6,15
24223,3,3
77026,3,9
48245,3,6
48583,3,4
15436,3,6
63167,3,7
24183,3,10
53286,3,8
31973,3,5
82566,3,9
10679,3,10
62919,3,5
73351,3,9
18022,3,9
88661,3,5
N,2049,3,6,19
88511,3,5
31847,3,7
64551,3,8
32445,3,8
56018,3,2
64029,3,4
91841,3,1
27877,3,2
56519,3,2
71219,3,2
39620,3,6
26927,3,6
16102,3,2
4675,3,3
87767,3,2
24139,3,10
22181,3,3
71943,3,10
15047,3,8
N,291,3,6,8
28355,3,8
30439,3,6
65111,3,9
44769,3,2
19683,3,8
65223,3,5
78407,3,3
30109,3,7
N,1791,3,6,10
73351,3,7
89415,3,7
76309,3,5
12511,3,5
94915,3,9
64604,3,10
24231,3,5
3124,3,4
81588,3,3
89047,3,5
N,1755,3,6,12
21137,3,10
40639,3,2
13505,3,6
95379,3,6
44254,3,5
23271,3,9
80070,3,7
15707,3,2
44647,3,2
95333,3,2
7431,3,8
59073,3,6
N,1935,3,6,13
29879,3,2
70375,3,9
1094,3,6
73399,3,2
56996,3,8
1975,3,5
52709,3,6
21694,3,1
32079,3,6
24167,3,1
65190,3,2
68559,3,3
40418,3,7
N,1263,3,6,8
13158,3,5
23750,3,7
28374,3,10
60599,3,9
75239,3,5
48692,3,2
6203,3,1
46805,3,7
N,1986,3,6,13
31699,3,5
39127,3,1
46247,3,5
16102,3,3
85895,3,6
52961,3,6
63067,3,9
96786,3,4
72667,3,6
80087,3,5
24158,3,1
6197,3,5
78301,3,8
N,2115,3,6,17
65250,3,1
5163,3,5
64998,3,9
43731,3,3
81331,3,1
65246,3,2
92903,3,1
61030,3,6
56631,3,2
53647,3,9
89789,3,9
72909,3,3
31940,3,2
5570,3,10
47591,3,7
80868,3,2
97814,3,8
N,1147,3,6,16
81631,3,2
66791,3,7
2043,3,1
32338,3,10
32124,3,4
23111,3,10
55014,3,10
88614,3,1
73431,3,7
6214,3,4
97799,3,5
81430,3,3
48853,3,2
72418,3,2
30519,3,7
10310,3,2
N,510,3,6,10
11623,3,3
32479,3,2
87599,3,4
72567,3,7
64212,3,8
26838,3,6
84196,3,3
41023,3,6
24037,3,2
28135,3,10
N,769,3,6,12
48605,3,1
37921,3,10
50919,3,6
48231,3,6
97893,3,9
87063,3,5
321,3,4
89479,3,5
82146,3,6
81601,3,8
24263,3,10
46239,3,10
N,723,3,6,13
21714,3,3
20071,3,4
4633,3,10
14551,3,4
32415,3,7
42727,3,2
67297,3,8
5699,3,8
33468,3,3
44178,10,8
48831,3,10
51165,3,2
65166,3,4
N,2306,3,6,6
27743,3,7
39072,3,10
85447,3,2
10895,3,6
62117,3,9
34279,3,4
N,1258,3,7,19
47259,8,5
25313,3,6
2111,3,5
96641,3,5
27799,3,4
43731,3,4
85095,3,6
73311,3,7
73382,3,3
69830,3,9
4903,3,3
55007,3,10
89275,3,10
54727,3,4
31975,3,10
64214,3,2
31719,3,4
89235,3,10
98015,3,3
N,2227,3,7,17
87267,3,8
65255,3,8
97703,3,3
32467,3,7
77479,3,9
51926,3,10
28390,3,6
22997,3,7
24191,3,8
73311,3,7
97367,3,8
48102,3,1
15975,3,10
69596,3,6
13799,3,8
96737,3,10
12894,3,7
