N,1131,4,1,11
35814,4,1
63062,4,4
73447,4,8
6197,4,1
95461,4,5
10980,4,6
72027,4,4
16103,4,4
42599,4,3
88151,4,3
31783,4,2
N,2170,4,1,20
47253,4,4
95843,4,10
42709,4,7
63319,4,4
36301,4,3
48323,4,10
96823,4,5
60862,4,5
36509,4,6
56887,4,5
80839,4,2
31911,4,5
97999,4,8
32477,4,10
32358,4,3
3827,4,4
15847,4,2
26257,4,6
39137,4,2
6203,4,4
N,1303,4,2,7
79541,4,7
30375,4,4
48695,4,7
48726,4,2
61153,4,4
16103,4,6
24285,4,2
N,1283,4,1,14
89677,4,1
73191,4,6
85250,4,4
89815,4,7
84373,4,3
40093,4,4
97463,4,6
98019,4,7
24018,4,2
3050,9,1
6021,4,4
11863,4,8
81575,4,3
43622,4,8
N,643,4,1,7
32415,4,5
12215,4,6
34783,4,1
97957,4,9
57063,4,8
56885,4,6
16087,4,2
N,626,4,1,5
57767,4,2
14882,4,5
87779,4,9
85565,4,4
73411,4,6
N,200,4,2,12
61636,4,7
5159,4,9
32469,4,5
6203,4,1
42647,4,6
38624,4,9
73427,4,1
30695,4,3
75333,4,6
28387,4,2
61597,4,6
12003,4,3
N,1251,4,1,6
73166,4,8
48871,4,9
48869,4,6
56769,4,2
81126,4,8
97893,4,2
N,1267,4,2,7
91863,4,2
70111,4,10
71909,4,8
23781,4,10
13667,4,3
63687,4,5
81379,4,7
N,1143,4,1,8
19518,4,7
2630,4,3
4583,4,9
64995,4,1
84658,4,6
9829,4,2
65175,4,1
97447,4,4
N,267,4,2,7
5126,4,3
48613,4,2
89831,4,5
97981,4,7
97699,4,4
30421,4,8
13533,4,9
N,511,4,1,7
55943,4,5
93863,4,9
75494,4,3
5054,4,5
16805,4,8
88598,4,1
56923,4,9
N,2258,4,1,15
97917,4,9
22231,4,10
24271,4,4
40153,4,3
15703,4,9
48341,4,1
78375,4,9
40663,4,10
63203,4,2
31453,4,5
48775,4,10
70103,4,3
37294,4,2
91878,4,9
88421,4,6
P,5,3,1027,1691.29
P,1,8,1499,547.89
P,4,1,1923,3295.63
O,4,1,331
N,299,4,1,7
1012,4,8
15847,4,5
97743,4,8
39847,4,5
98023,4,1
44773,4,5
32487,4,3
N,2923,4,2,18
19931,4,9
89685,4,7
32483,4,10
40423,4,5
32479,4,5
27667,4,6
19621,4,6
72842,4,5
6215,4,9
27558,4,1
16075,4,7
73305,4,9
40483,4,2
79591,4,1
85719,4,5
77082,4,8
20191,4,8
63987,4,5
N,1789,4,1,8
95837,4,2
93759,4,2
79582,4,7
44775,4,7
80101,4,4
73431,4,9
38623,4,8
64223,4,6
D,4,5
D,4,5
N,546,4,1,18
60979,4,8
98015,4,1
56807,4,8
57059,4,2
6175,4,2
64743,4,7
47783,4,4
24290,4,8
48870,4,7
1599,4,2
16099,4,4
32150,4,3
70805,4,10
43231,4,7
8634,4,7
71111,4,2
23861,4,2
75491,4,7
N,311,4,2,14
48607,4,5
97446,4,4
40410,4,8
54118,4,7
13886,4,2
5111,4,9
40161,4,1
80103,4,8
39345,4,2
73323,4,6
13991,4,4
54877,4,2
31462,4,9
61023,4,10
N,2307,4,1,15
85572,4,4
68297,4,10
39216,4,7
6017,4,9
14015,4,8
83645,4,2
24295,4,3
71645,4,4
88374,4,10
36260,4,1
73391,4,5
69349,4,7
4147,4,5
52455,4,8
14499,4,3
N,1215,4,1,5
38086,4,7
67157,5,6
40679,4,7
50906,4,10
42151,4,9
N,1280,4,2,16
46243,4,4
13031,4,9
79575,4,10
56039,4,1
31715,4,8
24170,4,4
95703,4,7
64997,4,10
73415,4,8
88549,4,1
53989,4,10
4975,4,3
73187,4,6
80655,4,1
32199,4,5
3843,4,3
N,2274,4,2,8
95957,4,4
31190,4,2
75479,4,2
98019,4,8
6087,4,10
22935,4,7
47719,4,6
80615,4,7
N,1743,4,1,9
97511,4,3
34534,4,3
6151,4,7
87265,4,7
24138,4,5
36563,4,10
97567,4,3
81365,4,5
20027,4,4
N,1023,4,2,8
34469,4,1
20071,4,2
55837,4,9
65127,4,7
89311,4,7
11361,4,2
40339,4,4
56005,4,1
N,2257,4,2,14
13527,4,4
30178,4,10
56535,4,2
69813,4,1
97187,4,1
89725,4,1
19943,4,9
23783,4,10
99015,4,4
88437,4,7
73426,4,10
72230,4,4
23781,4,6
87653,4,4
N,2267,4,1,9
22181,4,3
55967,4,6
72867,4,2
16003,4,6
15970,4,3
64227,4,3
73429,4,7
31463,4,5
43716,4,2
N,1603,4,1,9
19171,4,6
64919,4,2
31191,4,3
80856,4,5
52706,4,8
25494,4,8
39655,4,2
45657,4,6
64167,4,6
N,2307,4,2,14
51906,4,6
28391,4,2
3367,4,3
15959,4,5
27571,4,2
16101,4,2
15751,4,6
13799,4,4
89812,4,6
47511,4,2
24167,4,6
67302,4,4
99815,4,9
24294,4,10
N,2302,4,1,8
15575,4,10
86143,4,2
4160,4,8
54823,4,5
98022,4,8
71910,4,5
40154,4,3
6154,4,6
N,1155,4,1,10
47847,4,9
15906,4,9
30437,4,6
40502,4,7
15079,4,2
4102,4,8
51423,4,3
24123,4,3
23123,4,5
52432,4,5
N,1789,4,2,17
13543,4,6
86694,4,2
68839,4,8
56741,4,4
71393,4,8
90852,4,7
46717,4,6
38822,4,8
55911,4,7
95973,4,2
75422,4,1
14006,4,8
28379,4,1
12998,4,4
88775,4,5
55399,4,1
16051,4,4
N,1081,4,1,17
50244,4,7
46220,4,9
67,4,7
47287,4,9
6207,4,7
5559,4,3
57059,4,10
57043,4,2
81121,4,7
22111,4,4
21703,4,7
47845,4,5
31908,4,7
89460,4,7
24019,4,7
73297,4,10
16099,4,3
N,2027,4,2,20
61667,4,5
54502,4,9
97958,4,1
88766,4,3
39525,4,8
65239,4,1
69223,4,1
829,4,4
28263,4,5
32135,4,1
79437,4,2
64739,4,7
48807,4,5
89685,4,5
65123,4,3
48614,4,2
48263,4,5
81125,4,7
48479,4,6
10628,4,6
N,1011,4,2,17
48326,4,4
95149,4,2
36551,4,3
2110,4,5
64963,4,2
22247,4,8
46050,4,4
24247,4,5
32391,4,5
23446,4,5
81575,4,3
40635,4,10
46790,4,6
98005,4,9
30791,4,2
39397,4,7
65127,4,4
N,130,4,2,6
48357,4,6
93907,4,2
97991,4,1
70886,4,7
39702,4,4
98014,4,6
N,1281,4,1,20
47527,4,3
24287,4,4
38623,4,7
56991,4,9
81111,4,3
10627,4,9
38095,4,2
65123,4,9
34254,4,9
71205,4,7
32417,4,3
65255,4,7
89766,4,4
32206,4,9
36071,4,10
22013,4,3
70286,4,10
3389,4,4
54399,4,10
39143,4,10
N,2137,4,1,17
31967,4,1
39783,4,6
89762,4,3
57022,4,3
30407,4,6
98530,4,6
6181,4,5
31584,4,7
28315,4,1
63709,4,2
32287,4,6
23102,4,8
89830,4,2
23847,4,1
34407,4,8
61913,4,3
48802,4,2
N,299,4,1,18
40405,4,2
84485,4,6
24231,4,6
21559,4,6
57036,4,2
24283,4,8
72391,4,3
73375,4,10
69031,4,1
58511,4,7
41382,4,9
21731,4,5
94910,4,6
40615,4,8
59429,4,1
10023,4,3
36998,4,10
48871,4,5
N,1245,4,2,8
23911,4,7
56988,4,6
62167,4,1
60614,4,5
59659,4,2
75431,4,6
87975,4,2
41663,4,3
N,320,4,1,7
28135,4,2
97999,4,10
97239,4,2
86823,4,8
48415,4,4
31078,4,7
12355,10,1
N,737,4,1,8
56039,4,10
97762,4,7
4037,4,6
46807,4,2
89512,4,8
16103,4,2
4999,4,9
75202,4,7
N,2802,4,2,10
28231,4,4
24287,4,8
97635,4,7
11867,4,7
54886,4,1
97022,4,9
8239,4,2
89815,4,4
43463,4,5
20199,4,2
N,138,4,2,20
31191,4,2
62749,4,9
24215,4,7
73399,4,6
5541,4,7
30431,4,3
48855,4,5
4030,4,6
87783,4,2
83681,4,4
95439,4,3
81377,4,10
75491,4,5
94999,4,10
2119,4,7
28123,4,3
80103,4,3
11686,4,7
40668,4,4
36054,4,9
N,673,4,1,19
63063,4,6
69255,4,1
10279,4,9
47838,4,1
97916,4,8
32372,4,7
40671,4,10
32215,4,3
40388,4,10
56930,4,5
55875,4,1
79494,4,7
19105,4,10
14403,4,7
37343,4,5
56967,4,8
32446,4,2
26118,4,7
31367,4,8
N,331,4,2,20
16005,4,3
93391,4,2
31455,4,8
40678,4,6
37095,4,2
48603,4,10
97909,4,7
38493,4,4
10367,4,1
96167,4,3
24293,4,1
48615,4,1
69347,4,5
87526,4,4
92874,4,5
6207,4,8
3943,4,4
81095,4,6
5703,4,2
98016,4,10
N,2043,4,2,7
12002,4,8
15974,4,8
38237,4,2
45727,4,6
31719,4,8
31923,4,5
4007,4,7
N,2259,4,1,15
30675,4,8
97888,4,4
85343,6,7
38400,4,4
20183,4,2
15566,4,9
4675,4,6
37039,4,7
10311,4,6
68439,4,1
82343,4,3
89303,4,3
72895,4,8
16103,4,4
83630,4,7
N,1715,4,1,15
11911,4,6
71307,4,9
48711,4,10
21159,4,8
40675,4,10
32230,4,8
15987,4,6
52759,4,1
47923,4,5
85223,4,5
15076,4,5
97765,4,2
44625,4,7
25319,4,5
23079,4,5
N,2226,4,1,17
64167,4,2
22241,4,5
63591,4,1
20063,4,5
52455,4,10
54627,4,10
89447,4,5
71365,4,8
3943,4,1
14391,4,2
94167,4,4
10983,4,10
94943,4,1
39642,4,9
26263,4,3
99686,4,6
40677,4,6
N,1515,4,1,7
7750,4,3
79591,4,7
89311,4,7
14821,4,1
82359,4,1
32481,4,10
6215,4,7
N,2041,4,1,7
80947,4,8
24031,4,10
6199,4,8
87479,4,8
4991,4,4
56470,4,5
73422,4,2
N,259,4,1,7
16067,4,3
71826,4,8
34437,4,3
23239,4,2
21212,4,4
89829,4,9
36582,4,4
N,881,4,1,15
97830,4,5
15909,4,9
15063,4,3
56975,4,8
87510,4,7
48452,4,8
46787,4,8
48871,4,5
44581,4,9
8917,4,8
50399,4,7
14491,4,4
89765,4,6
11811,4,6
54439,4,2
N,2305,4,2,10
22747,4,9
69271,4,8
72912,4,2
6204,4,7
14055,4,7
60723,4,8
69214,4,3
79062,4,4
85571,4,4
87863,4,7
N,675,4,2,16
80660,4,9
64006,4,5
20195,4,5
57059,4,5
32071,4,3
81207,4,9
5445,4,7
31205,4,7
32358,4,10
31175,4,7
97983,4,9
60607,4,2
64479,4,9
95527,4,5
81121,4,6
19934,4,6
N,259,4,1,14
55655,4,3
23455,4,8
61159,4,9
73278,4,9
81376,4,5
5855,4,5
93287,4,5
63175,4,9
4103,4,1
3143,4,10
8646,4,10
95927,6,1
43710,4,4
6149,4,6
N,1251,4,1,11
65230,4,1
52901,4,7
59108,4,6
12519,4,1
5782,4,8
97956,4,4
97957,4,7
32166,4,10
6062,4,6
81383,4,7
40678,4,10
N,2303,4,2,16
57059,4,9
26067,4,7
19990,4,3
52967,4,2
48759,4,3
64231,4,2
89799,4,8
73015,4,1
88791,4,6
81443,4,9
58055,4,8
46294,4,9
16071,4,3
56516,4,2
96719,4,2
77407,4,1
N,2243,4,2,13
12002,4,6
66492,4,1
71111,4,8
72423,4,3
16038,4,9
23783,4,8
81599,4,9
64999,4,10
10695,4,8
31591,4,1
81639,4,5
21703,4,2
31335,4,4
N,2299,4,1,11
65255,4,2
60711,4,1
62946,4,10
52967,4,5
40079,4,6
79558,4,3
31175,4,4
15078,4,3
97790,4,3
39590,4,10
79041,4,4
N,2287,4,1,11
89743,4,3
24227,4,6
47751,4,10
4807,4,1
72671,4,10
57063,4,2
53639,4,8
24285,4,7
15839,4,2
14020,4,9
13983,4,8
N,2299,4,2,19
97190,4,5
77511,4,9
65999,4,7
40674,4,2
56662,4,1
4783,4,3
21220,4,6
32421,4,1
80975,4,4
24088,4,8
9926,4,10
14373,4,6
77715,4,5
30566,4,7
10727,4,7
98018,4,7
29021,4,9
40163,4,10
95717,4,9
N,1795,4,1,18
6210,4,10
26887,4,4
73429,4,6
18899,4,8
52947,4,10
50823,4,8
64151,4,4
24166,4,2
24295,4,8
97250,4,2
81630,4,10
87750,4,5
71399,4,5
32195,4,9
52071,4,1
6211,4,5
14407,4,4
65221,4,7
N,2563,4,2,13
16103,4,6
24291,4,3
97943,4,5
19995,4,7
27861,4,4
46687,4,8
9863,4,8
16101,4,3
27325,4,4
3901,4,4
97173,4,10
79063,4,2
72583,4,4
N,2147,4,2,5
64903,4,7
93407,4,10
15234,4,3
23383,4,8
65255,4,2
N,2174,4,2,16
72935,4,8
96995,4,3
80615,4,7
30404,4,6
73447,4,8
4165,4,4
96838,4,3
9425,4,5
95966,4,5
89447,4,3
97813,4,3
5893,4,5
2119,4,3
56999,4,8
32409,4,6
57025,4,6
N,1658,4,1,5
13919,4,10
57052,4,3
80869,4,4
5823,4,2
73167,4,3
S,4,1,11,41
P,3,10,385,3449.61
P,4,1,257,70.35
P,7,10,1090,1097.57
P,4,2,1154,1863.03
P,4,2,201,4215.31
P,4,2,1251,3238.93
P,6,5,2819,920.62
P,4,2,1250,4928.2
P,4,1,2291,3442.33
P,1,2,2026,4095.61
P,4,2,2115,2995.48
P,8,3,1667,231.48
P,4,1,1272,72.95
P,4,1,2027,860.96
P,4,1,257,1848.5
P,4,2,2131,2819.18
P,4,1,1663,4705.2
P,4,1,2547,2526.67
P,4,2,1258,1758.99
P,4,1,2879,503.45
P,4,1,1771,1061.25
P,4,1,387,784.59
P,4,2,328,3309.64
P,4,1,2801,2544.32
P,4,1,2723,3011.4
P,4,1,1155,1425.28
P,4,1,59,601.43
P,4,1,1539,3072.37
P,4,2,2817,3019.71
P,4,2,2051,1380.6
P,4,1,1267,250.58
P,4,1,845,3940.68
P,4,2,1283,307.34
P,4,2,2231,2202.49
P,4,2,382,186.7
P,4,2,329,3833.41
P,10,8,1411,2831.46
P,4,1,2267,531.67
P,10,7,2230,444.01
P,4,1,42,3525.06
P,4,1,307,3853.7
P,4,1,2301,3204.98
N,1794,4,1,7
46819,4,6
23907,4,6
99419,4,3
73399,4,2
94550,4,5
10787,4,6
5153,4,5
N,261,4,1,6
92775,4,5
9383,4,7
87782,4,8
39902,4,2
69223,4,7
88799,4,4
N,2139,4,2,18
65223,4,10
65255,4,5
40097,4,3
88917,4,1
94947,4,8
73052,4,3
56679,4,7
73446,4,2
4139,4,9
64231,4,7
55015,4,2
31879,4,6
40135,4,2
14051,4,2
89309,4,9
28326,4,7
62923,4,8
47533,4,10
N,1979,4,2,11
32103,4,10
4409,4,7
55783,4,2
76494,4,3
92519,4,8
75494,4,5
52438,4,10
18142,4,4
81606,4,9
48871,4,5
95967,4,2
N,298,4,2,16
5931,4,4
73383,4,9
3902,4,3
89753,4,3
95927,4,2
89267,4,6
28359,4,3
5953,4,3
79589,4,2
6215,4,4
56931,4,8
46822,4,4
13731,4,6
71327,4,10
56031,4,1
89753,4,10
N,1859,4,1,10
27858,4,9
23525,4,2
44615,4,2
21702,4,8
88739,4,10
3603,4,10
73183,4,6
13520,4,10
62277,4,5
38299,4,8
N,1843,4,1,7
4816,4,3
56486,4,9
92133,4,7
13828,4,9
81223,4,6
20679,4,1
95711,4,4
O,4,2,2010
N,2307,4,2,19
57063,4,6
86659,4,4
86439,4,3
48103,4,1
61055,4,5
46803,4,2
87998,4,4
8070,4,3
48038,4,4
32287,4,8
70,4,2
47719,4,4
5823,4,7
20583,4,9
35415,4,7
22719,4,6
29159,4,6
54759,4,7
16103,4,4
N,331,4,2,9
73191,4,1
62181,4,8
62694,4,3
56423,4,1
97043,4,7
15587,4,3
81623,4,5
34391,4,1
57125,4,8
N,330,4,2,20
28313,4,4
23847,4,10
27778,4,8
24124,4,4
52453,4,4
28309,4,4
84691,4,2
72282,4,9
85471,4,9
19766,4,4
89831,4,5
80087,4,6
70363,4,2
36065,4,3
65093,4,3
9662,4,9
34260,4,6
81639,4,10
30375,4,2
46823,4,5
N,507,4,2,10
14051,4,6
80583,4,4
89319,4,9
38583,4,8
89703,4,10
70546,4,8
2877,4,6
9761,4,1
73407,4,2
93791,4,6
N,2233,4,2,17
11735,4,9
56503,4,1
35046,4,8
96999,4,9
85606,4,7
39133,4,5
3639,4,1
80047,4,10
97983,4,8
40163,4,1
97115,4,1
48834,4,5
3653,4,8
81494,4,5
88751,4,2
6194,4,2
89575,4,2
P,5,7,2138,4655.46
N,1139,4,1,11
39655,4,5
14807,4,7
6207,4,6
32478,4,9
88803,4,4
65253,4,2
72868,4,6
47551,4,2
64359,4,1
24295,4,10
96871,4,4
R,4,1,1275
N,2051,4,2,6
47459,4,4
65037,4,1
32323,4,3
81502,4,3
60133,4,10
95331,4,5
N,991,4,1,6
97941,4,6
25823,4,9
22110,4,8
83935,4,10
96931,4,7
37415,4,10
T
N,329,4,1,18
95719,4,4
24183,4,10
73190,4,7
31969,4,4
62951,4,2
31335,4,6
24011,4,1
73427,4,2
6203,4,7
60,4,9
17986,4,7
36261,4,5
31968,4,10
77391,4,2
67239,4,4
71363,4,5
22183,4,4
89310,4,5
D,4,3
N,2799,4,1,6
2108,4,6
22231,4,5
81315,4,9
99999,4,4
52418,4,8
52934,4,6
O,4,1,1219
N,1795,4,2,9
72115,4,6
88551,4,8
69285,4,5
16103,4,10
46624,4,9
5958,4,4
1415,4,3
93799,4,6
48799,4,10
N,293,4,2,20
72839,4,1
24103,4,4
72035,4,8
48803,4,6
88663,4,3
81567,8,2
4915,4,8
60102,4,10
43748,4,7
91869,4,7
64871,4,6
80882,4,5
6169,4,6
23009,4,7
52871,4,1
81303,4,1
44475,4,3
13837,4,5
48807,4,6
99485,4,7
N,331,4,1,6
60967,4,4
89743,4,3
2119,4,1
97341,4,2
39589,4,9
40071,4,1
P,4,2,1651,1898.96
P,4,1,1283,4606.36
N,721,4,2,7
24038,4,6
54871,4,5
65124,4,10
23895,4,9
97495,4,9
97764,4,1
54837,4,10
N,1265,4,2,9
6207,4,2
33895,4,4
5581,4,2
5117,4,6
39367,4,10
15975,4,4
55719,4,9
15031,4,1
46731,4,10
D,4,1
D,4,4
P,4,2,37,255.2
D,4,1
D,4,5
P,4,1,1282,661.1
R,4,2,2275
D,4,1
D,4,4
N,2045,4,1,8
56367,4,4
97830,4,8
59545,4,1
27284,4,8
47297,4,6
65172,4,2
19303,4,4
48727,4,5
N,1778,4,2,14
63684,4,2
97351,4,3
89815,4,8
71399,4,8
55014,4,4
39575,4,9
73157,4,9
6183,4,9
79286,4,6
97891,4,8
60577,4,2
11706,4,9
64227,4,8
47687,4,1
N,1245,4,1,15
83895,4,6
89681,4,9
81601,4,10
23902,4,10
11323,4,8
14967,4,4
44761,4,8
54879,4,7
31892,4,8
32479,4,9
7086,4,5
40674,4,1
40614,4,8
93575,4,2
30438,4,10
N,247,4,1,20
88032,4,5
5931,4,8
24061,4,1
63207,4,4
35015,4,1
44489,4,8
79579,4,4
39910,4,1
32318,4,9
57063,4,10
6213,4,7
48349,4,7
85589,4,7
3,4,9
5639,4,2
30919,4,2
97959,4,6
48837,4,8
88039,4,6
93773,4,1
N,329,4,2,9
24135,4,3
35495,4,6
79591,4,8
54111,4,4
20199,4,2
47707,4,5
5925,4,9
81093,4,1
81431,4,6
N,1277,4,2,5
56615,4,1
48863,4,6
56710,4,1
61667,4,10
89727,4,6
N,1155,4,1,5
57045,4,7
56039,4,8
5637,4,6
77477,4,8
9991,4,9
N,2690,4,1,18
85973,4,2
14563,4,8
60821,4,3
16020,4,10
40667,4,1
47839,4,5
28126,4,8
75236,4,4
5823,4,8
65207,4,6
81605,4,10
24276,4,6
31846,4,8
5125,4,2
36058,4,1
97119,4,2
65121,4,5
93413,4,10
N,1795,4,1,11
48663,4,2
88803,4,1
54979,4,7
5924,4,3
28115,4,7
44455,4,3
65111,4,5
97751,4,1
34411,4,3
34852,4,8
23911,4,8
N,2283,4,1,8
88037,4,4
46781,4,7
63951,4,8
80162,4,2
95639,4,4
65063,4,2
54659,4,10
62598,4,1
N,2307,4,2,18
64998,4,9
73386,4,6
3735,4,8
95439,4,2
97751,4,7
87655,4,3
79589,4,3
91367,4,1
46798,4,9
24181,4,5
81511,4,9
89817,4,9
48351,4,6
27875,4,2
64895,4,4
10470,4,6
6143,4,5
3065,4,9
N,54,4,1,17
74343,4,10
27015,4,2
88533,4,4
23941,4,8
5159,4,10
11590,4,6
60647,4,5
68759,4,3
62947,4,10
95171,4,9
65063,4,5
62947,4,5
60223,4,2
29863,4,7
72930,4,8
21730,4,8
98023,4,8
N,1283,4,1,16
55839,4,2
48391,4,6
47271,4,3
32463,10,1
96905,4,6
47591,4,4
23269,4,3
71143,4,10
24274,4,5
71351,4,4
11492,4,2
32486,4,5
6213,4,6
88676,4,4
5926,4,2
53991,4,3
N,2293,4,1,20
2119,4,2
96742,4,3
32479,4,8
38620,4,10
98533,4,7
71394,4,10
6143,4,6
2077,4,8
56407,4,2
11827,4,3
88805,4,1
72391,4,4
57046,4,3
65158,4,10
50323,4,1
71107,4,3
37479,4,9
5091,4,4
81607,4,8
15027,4,3
N,2911,4,1,11
61921,4,5
76934,4,1
23781,4,4
72359,4,7
47539,4,3
97815,4,6
40679,4,9
47847,4,9
81372,4,6
81125,4,10
6117,4,2
N,325,4,2,7
97478,4,10
93490,4,4
70435,4,1
31937,4,9
50851,4,2
44134,4,3
56999,4,7
N,323,4,1,15
1075,4,8
63971,4,2
54947,4,7
73285,4,8
9566,4,8
95942,4,3
24275,4,5
22751,4,7
551,4,5
20181,4,8
31207,4,10
35277,4,10
45763,4,3
31359,4,8
83687,4,9
N,259,4,2,18
85671,1,10
16030,4,6
62785,4,6
28134,4,6
9348,4,4
65127,4,6
9537,4,10
20903,4,7
79815,4,4
46808,4,6
46311,4,10
6212,4,6
28391,4,7
80549,4,4
13895,4,5
72419,4,3
55975,4,7
80898,4,1
N,2291,4,2,8
97887,4,5
72097,4,8
62614,4,3
15743,4,4
85735,4,2
5623,4,3
44775,4,7
22232,4,9
N,328,4,1,6
1075,4,4
85595,4,10
98006,4,10
28357,4,10
85671,4,4
36555,4,2
N,2243,4,2,8
39518,4,5
56483,4,10
9651,4,7
96975,4,1
62691,4,3
48702,4,3
96871,4,3
93071,4,10
N,1619,4,1,17
64935,4,6
13775,4,7
97813,4,4
37782,4,10
22735,4,9
21989,4,4
97123,4,4
30353,4,2
30176,4,7
85555,4,10
9639,4,1
6117,4,10
40551,4,10
5958,4,1
36440,4,8
18789,4,3
14551,4,8
N,2051,4,1,6
56035,4,7
8007,4,10
13981,4,9
89831,4,5
10941,4,5
15783,4,6
N,2163,4,1,15
81565,4,10
72673,4,2
19239,4,6
89727,4,8
37048,4,6
15043,4,8
12006,4,3
40615,4,3
14406,4,6
13799,4,4
47707,4,1
71783,4,9
47805,4,10
80311,4,6
5189,4,10
N,1275,4,1,6
39573,4,2
48703,4,7
97943,4,5
25175,4,6
89311,4,4
69319,4,5
N,70,4,2,19
24279,4,10
14470,4,6
40667,4,5
57047,4,10
73447,4,10
56037,4,3
81426,4,8
42215,4,1
64613,4,9
73031,4,10
1982,4,1
40668,4,8
32310,4,10
47974,4,9
79580,4,10
80615,4,3
64219,4,8
89703,4,2
81511,4,2
N,330,4,1,13
23966,4,2
81127,4,9
67279,4,4
77511,4,1
73308,4,8
15942,4,5
14050,4,1
17481,4,2
48604,4,3
6148,4,7
73399,4,2
40147,4,4
26719,4,1
N,1283,4,2,9
47835,4,4
34470,4,6
61151,4,10
97855,4,8
28233,4,4
65255,4,2
98003,4,10
16101,4,3
23719,4,1
N,2818,4,1,18
32478,4,2
2053,4,7
52930,4,1
46821,4,4
70880,4,1
15968,4,7
71399,4,1
78551,4,7
85043,4,5
65092,4,7
80551,4,9
98023,4,9
89319,4,1
89819,4,8
29507,4,4
77543,4,1
68671,4,8
40664,4,3
N,1779,4,1,18
79563,4,4
52447,4,5
51943,4,4
16043,4,5
65139,4,10
93411,4,4
81639,4,3
11687,4,10
60647,4,8
46806,4,5
40607,4,9
57939,4,4
48850,4,9
10452,4,9
5183,4,10
2628,4,4
14983,4,10
80095,4,6
N,1275,4,2,9
32423,4,5
36582,4,9
12006,4,9
92630,4,7
28350,4,6
24103,4,9
9890,4,8
72359,4,7
54823,4,8
N,1270,4,1,10
80599,4,6
31963,4,3
40503,4,4
31815,4,4
16098,4,9
62114,4,1
54375,4,6
97935,4,10
15957,4,5
64999,4,5
N,1790,4,2,18
97383,4,6
30306,4,10
65191,4,3
32487,4,4
79525,4,8
24284,4,9
84555,4,5
80195,4,8
63655,4,8
46719,4,1
22983,4,5
55011,4,6
54997,4,7
48855,4,3
27867,4,1
83687,4,7
20197,4,2
24007,4,6
N,1795,4,2,14
85175,4,7
48102,4,9
40267,4,9
13351,4,1
59110,4,10
3395,4,5
48868,4,3
51807,4,7
38597,4,7
32381,4,1
71303,4,5
6106,4,2
79591,4,8
52933,4,1
N,1243,4,2,6
48807,4,1
36807,4,7
56565,4,5
75486,4,1
89735,4,1
64743,4,1
N,609,4,2,10
87767,4,6
87487,4,8
24295,4,6
21142,4,9
81575,4,7
52319,4,7
24212,4,7
47271,4,10
63942,4,4
37285,4,9
N,1281,4,2,14
27862,4,10
5111,4,6
89767,4,7
56615,4,3
16102,4,10
89268,4,2
89831,4,7
5447,4,2
89831,4,7
40150,4,8
65057,4,4
46399,4,9
5142,4,5
15430,4,7
N,1743,4,2,14
70631,4,1
79574,4,6
10994,4,6
73014,4,6
11669,4,9
89254,4,3
89814,4,7
89703,4,6
38615,4,5
30358,4,3
89700,4,8
11733,4,1
44737,4,9
78310,4,9
N,2179,4,2,20
63575,4,6
31973,4,2
66751,4,10
32229,4,4
5655,4,3
31495,4,10
31238,4,1
73447,4,2
25919,4,5
34911,4,1
59623,4,4
10727,4,5
86623,4,6
14663,4,10
35527,4,10
92323,4,4
14815,4,2
11418,4,1
97939,4,10
13220,4,8
N,1283,4,2,16
85319,4,5
5894,4,3
73359,4,9
56771,4,9
13755,4,2
73383,4,1
15997,4,5
93519,4,5
86423,4,8
73123,4,9
55975,4,5
64571,4,9
31516,4,2
47551,4,2
72135,4,5
21751,4,1
N,2619,4,1,8
38119,4,3
40541,4,4
1095,4,8
5658,8,5
6199,4,10
81621,4,1
24278,4,2
36577,4,2
N,2291,4,1,16
39643,4,3
76352,4,1
22110,4,1
29870,4,10
23887,4,2
32159,4,5
97607,4,8
19155,4,3
56719,4,5
40508,4,8
48769,4,1
64231,4,6
48863,4,3
15077,4,9
81367,4,1
2022,4,10
N,139,4,2,12
56774,4,9
61155,4,4
518,4,6
95439,4,4
20167,4,7
46645,8,9
61127,4,1
38561,4,5
28379,4,9
27684,4,6
41509,4,7
14027,4,10
N,1219,4,2,17
73313,4,7
44647,4,3
89787,4,3
46295,4,10
32039,4,8
88807,4,5
24279,4,1
87266,4,10
6072,4,7
14129,4,8
89759,4,10
97823,4,10
30946,4,2
20175,4,5
6207,4,5
61028,4,2
73431,4,7
N,2307,4,1,9
26082,4,3
14310,4,4
73429,4,2
47844,4,5
54870,4,7
98911,4,10
5190,4,4
89557,4,1
40675,4,3
N,165,4,1,12
81503,4,1
81283,4,3
15254,4,10
40547,4,7
56927,4,10
87041,4,4
71259,4,6
40287,4,2
89052,4,3
60741,4,7
19687,4,6
44711,4,4
N,2105,4,2,14
18815,4,6
89814,4,8
88979,4,4
69347,4,4
18373,4,10
48863,4,3
88799,4,6
36295,4,7
79589,4,10
5687,4,9
2119,4,8
40675,4,1
40674,4,5
16101,4,7
N,2179,4,2,17
86755,4,2
92858,4,2
91851,4,2
47415,4,7
52806,4,1
81093,4,7
52435,4,5
87269,4,9
81351,4,7
44759,4,8
77469,4,5
26183,4,8
91743,4,10
95975,4,10
83687,4,10
86567,4,4
74465,4,10
N,218,4,2,18
32195,4,1
34495,4,2
78247,4,1
81547,4,10
30807,4,8
97991,4,5
83687,4,3
6199,4,3
87717,4,8
23387,4,3
93157,4,6
73259,4,2
44727,4,2
63974,4,2
89241,4,10
39645,4,1
80469,4,5
88415,4,3
N,1139,4,1,17
37851,4,7
73439,4,1
48846,4,6
28327,4,10
75469,4,7
29918,3,2
39652,4,2
34567,4,8
40407,4,2
45799,4,5
39321,4,8
22746,4,9
79581,4,3
16935,4,3
57558,4,4
16086,4,3
47583,4,2
N,193,4,2,6
77346,4,7
89251,4,3
4159,4,7
99925,4,10
32359,4,4
11845,4,9
N,2042,4,2,19
44714,4,6
22981,4,8
27989,4,1
31014,4,3
73439,4,3
16100,4,2
64915,4,3
20199,4,10
32407,4,9
24199,4,9
62391,4,5
96742,4,9
47847,4,2
8007,4,1
52903,4,2
53822,4,5
44516,4,9
97627,4,8
69269,4,7
N,251,4,2,16
56991,4,8
89819,4,10
97950,4,9
81255,4,1
2567,4,5
52580,4,10
56772,4,3
57569,4,1
19175,4,9
98021,4,6
76903,4,2
11870,4,8
32483,4,9
65252,4,8
15335,4,2
24251,4,5
N,1723,4,2,8
62949,4,3
81095,4,10
44263,4,1
95897,4,9
31675,4,3
72407,4,6
81573,4,8
15957,4,2
N,197,4,1,19
39575,4,7
40421,4,7
72165,4,8
73347,4,3
67227,4,3
97751,4,5
92887,4,3
24287,4,1
85725,4,7
48285,4,1
81638,4,7
69149,4,10
44711,4,5
73441,4,6
23780,4,2
93895,4,3
97815,4,8
69318,4,6
56898,4,7
N,451,4,1,17
11968,4,2
39647,4,6
10941,4,8
80354,4,9
81103,4,5
89314,4,4
46658,4,10
88295,4,8
56551,4,6
11073,4,10
64966,4,3
48871,4,8
32023,4,9
9506,4,10
57062,4,2
48355,4,4
68519,4,3
N,139,4,1,19
87511,4,9
39845,4,6
31393,4,3
48843,4,5
40675,4,1
64738,4,7
5909,4,7
1091,4,7
68263,4,5
98021,4,4
47142,4,7
11891,4,7
65111,4,5
80613,4,10
47527,4,3
81639,4,2
33459,4,8
46679,4,8
4647,4,2
N,1283,4,2,6
5127,4,5
79461,4,7
39940,4,1
31463,4,2
67,4,4
81621,4,3
N,266,4,1,11
20151,4,8
62183,4,10
79510,4,2
95319,4,5
16101,4,7
69168,4,1
55635,4,4
68821,4,9
48805,4,6
43467,4,9
77497,4,3
N,1793,4,1,11
5895,4,2
27351,4,5
65095,4,8
36581,4,8
14695,4,8
81493,4,5
89828,4,7
56911,4,6
80294,4,3
93924,4,9
65222,4,3
N,315,4,1,12
12171,4,3
89748,4,7
21735,4,5
73253,4,9
32358,4,5
72423,4,4
97759,4,3
81435,4,6
84514,4,3
36167,4,9
89767,4,8
17185,6,4
N,1790,4,2,6
26470,4,8
24039,4,3
48871,4,2
78957,4,7
87639,4,3
85287,4,2
N,1027,4,2,6
84575,4,4
10243,4,1
85701,4,9
85110,4,2
24115,4,2
54407,4,9
N,309,4,2,17
71189,4,1
96739,4,4
5959,4,2
16063,4,1
97694,4,4
56926,4,1
13991,4,1
73114,4,3
89571,4,2
81587,4,8
12671,4,7
57039,4,7
44551,4,6
46629,4,7
39647,4,8
30823,4,2
15589,4,1
N,2864,4,2,5
89799,4,9
71621,4,5
81363,4,3
81579,4,1
60199,3,2
N,2265,4,1,9
73959,4,4
81237,4,9
7215,4,3
46598,4,8
3143,4,3
22229,4,9
77011,4,4
39397,4,9
57063,4,9
N,2039,4,1,5
40663,4,8
84675,4,1
56550,4,4
65251,4,7
81638,4,7
N,1139,4,2,5
13730,4,6
89830,4,1
65095,4,4
80607,4,4
26343,4,3
N,316,4,1,17
71399,4,6
5690,4,1
24026,4,4
89827,4,6
40526,4,2
97900,4,10
55031,4,3
68727,4,2
31451,4,4
72805,4,8
22747,4,4
711,4,9
7995,4,6
72019,4,3
45115,4,2
1975,4,10
32231,4,9
N,2227,4,1,16
64023,4,4
67234,4,7
79843,4,1
73447,4,6
3141,4,2
1735,4,9
59035,4,8
22231,4,2
52518,4,8
46301,4,10
64649,4,1
94404,4,5
9956,4,10
13011,4,2
11911,4,6
80613,4,7
N,587,4,1,17
6175,4,6
65030,4,1
87675,4,5
13447,4,4
79271,4,10
69287,4,6
97959,4,9
24259,4,7
67815,4,10
5046,4,8
56877,4,10
40551,4,2
48738,4,7
65126,4,6
63703,4,1
79455,4,9
73348,4,6
N,755,4,1,9
95969,4,9
51873,4,2
9691,4,1
80359,4,6
87116,4,10
23012,4,7
48823,4,5
77543,4,5
4155,4,9
N,2675,4,1,11
14903,4,2
64167,4,9
80487,4,9
88727,4,7
40549,4,4
61126,4,4
51375,4,10
81049,4,6
48742,4,5
5509,4,5
27995,4,3
N,515,4,1,9
14823,4,4
78545,4,5
5095,4,7
9814,4,2
46694,4,9
80983,4,2
1094,4,1
32292,4,4
52947,4,8
N,1009,4,1,14
97955,4,8
22756,4,1
20710,4,2
81368,4,7
52951,4,8
48091,4,2
24292,4,4
81629,4,4
97751,4,7
63843,4,3
80463,4,2
15822,4,6
16065,4,7
73173,4,8
N,986,4,1,10
45402,4,8
63841,4,3
89291,4,2
19097,4,1
73177,4,5
40671,4,7
31975,4,4
93914,4,5
16088,4,3
47077,4,5
N,1119,4,1,8
10839,4,3
81627,4,6
30021,4,9
47847,4,3
45599,4,6
88481,4,5
89711,4,4
55523,4,4
N,1275,4,1,13
40291,4,6
48095,4,6
64229,4,7
88629,4,8
77106,4,3
75855,4,10
5190,4,1
4081,4,8
10085,4,5
89755,4,8
73009,4,9
19665,4,7
95975,4,8
N,267,4,2,5
13377,4,6
75859,4,1
86939,4,9
19686,4,5
48358,4,10
N,299,4,2,12
57061,4,5
54935,4,4
93923,4,5
9572,4,10
65029,4,7
45777,4,8
62594,4,8
40679,4,2
32454,4,6
40099,4,2
1575,4,10
5541,4,7
N,179,4,2,16
69765,4,6
56933,4,10
19879,4,2
97735,10,9
59623,4,3
64977,4,6
44375,4,4
64989,4,3
32231,4,2
64896,4,8
73122,4,8
85607,4,3
15198,4,3
14997,4,5
81575,4,1
31147,4,2
N,2807,4,2,9
72899,4,10
95911,4,4
27367,4,8
9029,4,3
34427,4,6
32486,4,7
63142,4,4
32342,4,2
72927,4,10
N,1083,4,2,17
77525,4,3
30439,4,9
54742,4,7
70887,4,10
22733,4,4
88679,4,8
79965,4,5
97239,4,6
8007,4,5
38564,4,9
77117,4,1
40389,4,8
48471,4,9
46567,4,4
28134,4,1
93097,4,3
38631,4,2
N,2049,4,1,10
15774,4,9
5118,4,5
72934,4,6
31895,4,3
48742,4,3
79559,4,1
19943,4,9
22405,4,1
6211,4,5
46763,4,7
N,938,4,1,19
22935,4,3
5894,4,6
12839,4,1
38085,4,8
65559,4,2
60135,4,9
43815,4,6
63987,4,10
63709,4,1
23156,4,4
6183,4,4
36198,4,10
64934,4,5
73447,4,6
38375,4,7
6079,4,7
93901,4,10
93399,4,4
44775,4,6
N,1650,4,2,13
6214,4,3
78406,4,10
46688,4,4
73319,4,5
55751,4,3
73319,4,10
28645,4,5
52708,4,3
20167,4,2
18150,4,5
97431,4,8
2119,4,9
16103,4,1
N,1273,4,1,13
56989,4,3
56165,4,7
81316,4,6
88454,4,7
89575,4,8
94918,4,5
32291,4,9
80838,4,5
61030,4,6
22038,4,9
19175,4,1
5831,4,3
62179,4,9
N,2219,4,2,11
57062,4,9
23442,4,10
54979,4,1
56487,4,2
73447,4,8
6213,4,1
24109,4,10
69327,4,7
38630,4,3
88794,4,1
80615,4,6
N,1019,4,2,14
93927,4,10
9796,4,10
50523,4,10
40455,4,6
64343,4,10
72342,4,6
32261,4,2
32359,4,8
91781,4,2
30883,4,4
81639,4,8
30309,4,6
23782,4,2
23975,4,4
N,627,4,1,5
83686,4,1
22166,4,8
89790,4,9
73393,4,5
11487,4,5
N,2042,4,2,14
22246,4,5
81117,4,5
73374,4,7
85647,4,4
96999,4,8
15988,4,9
13541,4,8
24292,4,3
20003,4,8
46819,4,6
11491,4,7
40615,4,4
87271,1,4
70365,4,9
N,2797,4,2,5
69052,4,8
40678,4,3
93527,4,9
31927,4,9
46471,4,10
N,1282,4,2,17
36272,4,9
31975,4,2
48167,4,4
19622,4,8
32226,4,7
32343,4,3
87693,4,10
55011,4,3
60964,4,5
81286,4,1
39966,4,7
63143,4,3
8611,4,6
87575,4,1
59062,4,7
23270,4,10
97495,4,4
N,1987,4,2,13
797,4,1
37606,4,6
40615,4,8
54487,4,8
63190,4,8
4059,4,9
5639,4,2
79079,4,10
14397,4,9
73380,4,1
95963,4,8
39652,4,5
1655,4,6
N,296,4,2,8
6141,4,6
85709,4,3
52451,4,4
5124,4,6
54807,4,7
24295,4,9
44123,4,7
3859,4,7
N,2171,4,2,13
30423,4,2
59095,4,8
23899,4,5
97877,4,10
55381,4,7
50653,4,7
3359,4,6
71989,4,10
56037,4,6
57039,4,4
57063,4,6
1087,4,9
81092,4,2
N,2659,4,1,18
46306,4,2
15079,4,1
22630,4,3
57058,4,10
94687,4,7
6133,4,5
40533,4,9
73167,4,2
6115,4,9
79317,4,8
78821,4,3
28359,4,9
6146,4,2
43663,4,8
21186,4,8
89763,4,2
98023,4,5
55938,4,7
N,2923,4,2,5
81610,4,4
98011,4,5
48867,4,2
99783,4,9
40283,4,8
N,1731,4,2,18
92891,4,9
48871,4,10
78487,4,6
96883,4,2
47797,4,6
65245,4,2
48663,4,7
79009,4,5
40419,4,3
48219,4,8
32103,4,4
71398,4,4
15511,4,10
81637,4,8
4348,4,5
14535,4,10
72406,4,10
57061,4,1
N,295,4,1,17
48865,4,2
24285,4,2
97437,4,6
5955,4,8
73379,4,9
6211,4,4
6175,4,8
40613,4,9
64228,4,1
20455,4,2
32487,4,5
61823,4,7
89783,4,4
40389,4,6
83622,4,10
3907,4,4
89824,4,9
N,122,4,1,20
32293,4,7
89574,4,4
40545,4,3
40135,4,4
36223,4,9
4759,4,9
85655,1,3
72421,4,6
81573,4,2
15591,4,2
51682,4,4
92613,4,10
48775,4,6
85663,4,7
87766,4,9
4607,4,7
81495,4,5
72519,4,6
97895,4,8
3591,4,5
N,1283,4,1,14
50407,4,5
20196,4,1
57057,4,3
40159,4,7
93669,4,9
259,4,10
80610,4,7
16070,4,3
44774,4,6
81639,4,6
21079,4,2
23779,4,6
32487,4,6
56739,4,4
N,1203,4,2,20
54950,4,2
42711,4,7
55847,4,5
33991,4,6
38877,4,7
32421,4,5
64678,4,4
52454,4,10
50623,4,6
96895,4,10
57063,4,7
49430,4,5
53838,4,1
89559,4,10
52823,4,4
46750,4,2
69323,4,6
4039,4,9
57019,4,4
18085,4,3
N,1279,4,2,13
57063,4,7
46055,4,8
89831,4,3
71303,4,7
10047,4,5
32231,4,7
96986,4,2
48607,4,8
37855,4,3
87775,4,5
85734,4,3
31419,4,9
47783,4,8
N,2691,4,2,11
81479,4,6
77157,4,9
48774,4,3
97383,4,3
32295,4,5
94429,4,4
77031,4,5
56277,4,9
73127,4,9
9223,4,9
67207,4,8
N,895,4,1,14
55013,4,8
38630,4,8
65254,4,8
68326,4,4
31811,4,4
26062,4,5
31959,4,3
15039,4,1
6087,4,5
97894,4,7
97475,4,6
44595,4,9
46279,4,6
72805,4,3
N,1121,4,1,11
21991,4,10
6213,4,9
64959,4,4
87763,4,9
22209,4,3
89607,4,6
11143,4,1
9959,4,2
28071,4,7
48229,4,6
37095,4,6
N,2195,4,1,13
97991,4,8
51887,4,10
61103,4,5
48802,4,6
5439,4,10
40655,4,8
15063,4,1
56797,4,1
81015,4,6
65174,4,4
36583,4,5
15759,4,2
46237,4,3
N,1005,4,1,16
87709,4,9
64711,4,8
32135,4,2
56983,4,5
88807,4,3
48475,4,8
34527,4,1
20180,4,9
31455,4,8
15461,4,4
23015,4,8
40671,4,5
96871,4,5
23488,4,6
47463,4,1
40356,4,6
N,1767,4,2,5
16007,4,6
6215,4,9
23191,4,8
97339,4,10
81573,4,5
N,138,4,2,16
48613,4,10
40166,4,9
84621,4,8
65223,4,4
46547,4,3
11098,4,7
48855,4,3
89477,4,5
36517,4,10
15590,4,9
89543,4,5
38629,4,9
16051,4,1
97827,4,3
55911,4,10
64579,4,8
N,385,4,1,17
40037,4,5
39567,4,7
64485,4,6
36062,4,5
31207,4,4
52579,4,4
32343,4,3
65199,4,3
10981,4,5
62403,4,5
89315,4,9
57007,4,3
67646,4,3
81383,4,9
54855,4,8
5430,4,10
6183,4,7
N,2239,4,1,17
5885,4,1
64743,4,1
12581,4,1
73393,4,4
65250,4,2
89822,4,4
88631,4,5
81275,4,1
1861,4,1
6065,4,3
9829,4,9
73247,4,5
32487,4,10
54149,4,7
21155,4,1
6179,4,2
47591,4,5
N,319,4,2,16
60135,4,6
44763,4,5
56887,4,8
5927,4,2
46311,4,8
48773,4,2
6050,4,2
41431,4,3
81617,4,10
81639,4,8
81511,4,10
46815,4,5
2119,4,6
37579,4,5
34534,4,8
73447,4,10
N,1155,4,1,11
49367,4,9
32451,4,1
57030,4,1
96999,4,4
80577,4,7
87237,4,3
62943,4,2
72919,4,9
48871,4,9
19741,9,1
73069,4,7
N,2109,4,1,16
85663,4,6
73443,4,10
47062,4,5
44768,4,6
14784,4,10
13669,4,4
70372,4,9
89831,4,4
13410,4,6
81639,4,9
81383,4,10
35035,4,7
24284,4,1
13509,4,9
81575,4,2
40021,4,9
N,2267,4,1,7
55009,4,5
46038,4,8
27808,4,7
4935,4,2
23013,4,4
16095,4,7
48266,4,8
N,1197,4,1,8
18151,4,4
43670,4,10
71399,4,3
22630,4,7
73399,4,4
78550,4,4
3779,4,3
80871,4,5
N,1779,4,1,13
81599,4,6
17883,4,5
63135,4,2
22169,4,10
24279,4,7
62439,4,2
65248,4,6
89555,4,1
38622,4,1
23772,4,9
34375,4,6
22747,4,2
72415,4,7
N,994,4,1,10
75239,4,7
5151,4,5
39972,4,6
54949,4,2
31687,4,10
56647,4,3
4166,4,3
6189,4,5
20597,4,5
54879,4,7
N,1119,4,2,17
32165,4,5
63234,4,8
85702,4,8
88647,4,10
40659,4,4
66279,4,10
71266,4,5
87524,4,1
96959,4,10
21735,4,7
6022,4,2
14430,4,10
38631,4,3
97743,4,1
40655,4,2
15303,4,9
97985,4,3
N,2682,4,2,7
81601,4,3
2111,4,10
80101,4,3
2093,4,2
87751,4,2
83637,4,6
16037,4,5
N,2242,4,2,8
7618,4,7
48677,4,1
22748,4,7
73191,4,7
44711,4,2
11927,4,1
97939,4,3
87779,4,5
N,1962,4,2,14
24158,4,2
39587,4,9
37060,4,5
64837,4,10
77541,4,10
22207,4,4
24145,4,10
31201,4,7
47454,4,1
13927,4,3
18332,4,9
46803,4,4
77284,4,3
80935,4,4
N,1441,4,2,5
32229,4,4
18399,4,10
24023,4,9
26983,4,6
20183,4,6
N,33,4,1,15
31141,4,5
20199,4,10
10594,4,3
89831,4,4
81636,4,5
48451,4,3
93571,4,2
22151,4,7
80839,4,7
4933,4,5
19663,4,2
4854,4,2
81479,4,8
63093,4,7
3904,4,2
N,2046,4,1,12
95711,4,2
24278,4,8
20515,4,6
22759,4,6
85422,4,2
48727,4,10
24133,4,1
48855,4,7
88743,4,2
20065,4,10
11411,4,3
40509,4,10
N,2914,4,2,6
22107,4,5
14207,4,7
68148,4,7
14943,4,8
12260,4,8
14395,4,8
N,2031,4,2,11
5691,4,10
63711,4,3
32415,4,7
48070,4,8
11707,4,10
19582,4,9
38599,4,10
44390,4,10
96853,4,2
26339,4,4
48524,4,7
N,297,4,1,20
94919,4,2
85206,4,1
68775,4,1
73436,4,6
6199,4,1
29367,4,10
40092,4,4
52703,4,9
24165,4,3
81639,4,2
48195,4,3
4654,4,1
48839,4,6
8007,4,3
81637,4,8
81575,4,9
9785,4,6
62677,4,4
69333,4,4
64231,4,3
N,2299,4,2,17
28245,4,10
24285,4,8
81365,4,3
85638,4,3
21973,4,4
93919,4,4
65086,4,8
64353,4,4
22215,4,7
5061,4,1
52690,4,2
47586,4,7
93670,4,3
38625,4,1
60095,4,5
12951,4,9
47831,4,9
N,1183,4,1,13
81510,4,4
61093,4,7
64439,4,5
56021,4,3
27748,4,8
10878,4,4
58469,4,8
62550,4,1
89831,4,5
65240,4,2
45733,4,2
81278,4,4
21670,4,8
