P,5,2,2297,2166.28
P,5,2,1215,3379.94
P,5,2,2771,274.56
P,5,1,2239,628.57
P,5,2,1699,3614.98
P,5,1,2307,1097.46
S,5,2,14,26
P,5,2,1183,2848.21
P,5,1,2,280.4
N,447,5,1,20
15326,5,7
1793,5,10
31911,5,7
72135,5,7
73287,5,6
89301,5,4
32419,5,8
56934,5,7
70887,5,2
40670,5,6
6209,5,3
26307,5,5
93831,5,5
5943,5,8
5949,5,3
4923,5,8
70861,5,10
89319,5,2
27623,5,4
11879,5,4
S,5,1,15,22
P,9,5,953,151.65
P,8,10,263,4967.61
P,6,1,296,2904.89
T
P,5,1,2787,1177.32
I,5,2,20
I,5,2,44
O,5,2,2041
N,2051,5,2,13
62046,5,7
72287,5,9
6214,5,4
30423,5,7
40101,5,7
87461,5,6
20819,5,4
89703,5,1
7908,5,4
58849,5,7
24167,5,3
62548,5,3
6138,5,9
N,2287,5,1,11
97471,5,7
85708,5,4
23907,5,2
89319,5,8
89507,5,3
28263,5,6
65127,5,3
32480,5,6
5155,5,10
93523,5,2
29287,5,2
N,579,5,2,16
89135,5,3
31190,5,3
6195,5,6
79462,5,9
97735,5,2
96736,5,2
62149,5,7
46823,5,8
88707,5,10
48639,5,9
51354,5,6
76835,5,10
21591,5,9
48675,5,7
46643,5,9
18969,5,9
N,1283,5,2,19
14691,1,7
88992,5,5
67270,5,1
32319,5,7
42962,5,5
52423,5,6
31991,5,8
89815,5,5
16025,5,7
73319,5,5
31127,5,7
80998,5,5
91314,5,9
39023,5,2
50854,5,3
89791,5,4
60067,5,10
23045,5,6
72387,5,9
N,35,5,2,5
40421,5,5
24039,5,1
27099,5,10
23551,5,7
89542,5,8
N,1793,5,1,9
77525,5,8
96743,5,7
57062,5,3
48358,5,5
65225,5,8
23183,5,7
949,5,1
11386,5,4
47197,5,2
D,5,3
D,5,3
N,1539,5,2,11
95396,5,8
15590,5,8
43679,5,3
72167,5,4
83519,5,8
55891,5,5
91878,5,7
37350,5,6
70885,5,9
89023,5,2
70879,5,3
N,259,5,1,10
15463,5,9
31684,5,5
11067,5,7
13799,5,6
16077,5,1
16103,5,10
32165,5,5
65255,5,1
6973,5,7
24263,5,9
P,5,1,307,1862.35
S,5,2,18,28
N,2307,5,2,14
89604,5,5
87718,5,8
98019,5,1
48599,5,8
69283,5,7
36059,5,1
9695,5,4
95975,5,1
24294,5,5
63179,5,1
89829,5,8
37378,5,1
81223,5,3
5415,5,8
O,5,2,1531
D,5,10
D,5,2
D,5,5
D,5,6
D,5,3
D,5,10
D,5,6
D,5,2
T
P,5,2,1281,3677.28
P,4,9,2043,2197.96
P,5,2,306,4154.01
P,5,1,2819,2963.97
D,5,8
N,874,5,1,5
38471,5,4
6109,5,10
89803,5,8
24291,5,6
46311,5,1
N,915,5,1,8
52966,5,7
68870,5,3
52957,5,1
5703,5,5
69343,5,10
1862,5,7
73187,5,2
63135,5,2
N,2210,5,2,9
80478,5,5
22997,5,9
55899,5,6
40475,5,5
89799,5,1
73189,5,2
81255,5,4
48871,5,9
80059,5,4
N,179,5,2,17
40673,5,2
65190,5,10
89754,5,2
31703,5,9
4100,5,10
57063,5,2
56865,5,3
48583,5,8
24265,5,3
48344,5,10
50403,5,5
56551,5,4
9447,5,3
37599,1,3
67294,5,10
10897,5,4
77543,5,4
N,2243,5,1,6
32467,5,1
2098,5,8
57029,5,10
4167,5,6
56391,5,10
56038,5,7
N,185,5,2,20
13891,5,1
23270,5,1
28068,5,9
18595,5,2
56791,5,4
89831,5,5
64564,5,9
48871,5,7
5667,5,10
73261,5,2
1519,5,9
56791,5,2
24279,5,3
5183,5,10
72167,5,1
23103,5,9
56607,5,9
85711,5,8
4052,5,10
94959,5,3
N,1667,5,2,11
16038,5,8
65127,5,10
52647,5,5
80599,5,10
29767,3,8
65115,5,3
85592,5,2
47420,5,6
89815,5,4
21903,5,1
35715,5,7
N,2051,5,1,19
32359,5,4
63201,5,9
28181,5,9
72807,5,3
72410,5,2
97659,5,1
97878,5,5
43939,5,7
80527,5,3
31327,5,7
30399,5,7
75478,5,2
72891,5,8
97182,5,9
35972,5,7
61062,5,9
30427,5,6
77925,5,10
58081,5,5
N,2291,5,1,13
38614,5,6
32177,5,7
47774,5,6
65190,5,3
24023,5,3
97835,5,9
81575,5,1
64926,5,4
5942,5,3
10469,5,4
48839,5,6
56262,5,1
69351,5,8
N,299,5,2,19
52929,5,4
23647,5,2
58296,5,4
11239,5,10
48471,5,6
65046,5,2
61127,5,4
6087,5,6
19654,5,7
88798,5,10
73303,5,7
86759,5,1
12978,5,3
94919,5,2
84844,5,10
67715,5,10
64995,5,9
41413,5,10
56023,5,8
N,1787,5,1,10
81633,5,1
29839,5,1
71399,5,8
93927,5,1
40350,5,2
48863,5,1
79065,5,9
52966,5,2
40582,5,7
93732,5,10
N,331,5,1,7
81639,5,2
91879,5,4
22725,5,8
16067,5,5
35455,5,4
29109,5,1
98022,5,1
N,2243,5,2,11
22183,5,10
47071,5,9
6151,5,2
16039,5,2
37989,5,9
53477,5,3
2055,5,1
21735,5,6
97887,5,10
30366,5,8
86628,5,5
N,2275,5,2,14
88805,5,10
56898,5,6
53887,5,4
65189,5,1
31974,5,4
71331,5,9
23877,5,10
29398,5,5
74955,5,7
44759,5,10
19905,5,4
73151,5,1
6181,5,10
30135,5,2
N,2027,5,2,8
22751,5,8
6215,5,2
32467,5,2
3545,5,6
97819,5,3
85646,5,6
59555,5,7
46813,5,8
N,2803,5,1,14
1959,5,9
32351,5,4
87271,5,2
56804,5,10
81439,5,1
14929,5,2
64947,5,2
89793,5,9
11236,5,8
18150,5,4
15071,5,3
13799,4,4
5045,5,1
44732,5,7
N,2307,5,1,8
45287,5,7
62111,5,6
35788,5,2
15953,5,9
85401,5,3
57028,5,8
6119,5,8
57055,5,4
N,1277,5,1,15
11332,5,6
40399,5,2
48870,5,8
56807,5,9
22119,5,6
1667,5,6
68419,5,1
23254,5,1
57057,5,4
73181,5,5
69350,5,1
57037,5,6
27969,5,1
40095,5,9
79143,5,9
N,1210,5,2,10
89039,5,4
16087,5,3
73123,5,3
80487,5,1
3001,5,4
40017,5,2
97827,5,1
58951,5,10
59298,5,6
65046,5,7
N,42,5,1,16
23780,5,8
68945,5,8
15575,5,9
28191,5,5
89627,5,9
24998,5,5
20039,5,8
32487,5,4
96991,2,8
81620,5,6
17095,5,9
46743,5,9
29895,5,3
12908,5,9
1823,5,2
16103,5,8
N,2307,5,2,8
48863,5,1
40646,5,7
56805,5,7
98023,5,1
15015,5,3
69079,5,2
85191,5,7
48355,5,7
N,883,5,2,16
32335,5,2
48863,5,5
72285,5,10
30815,5,1
15077,5,9
16071,5,6
89047,5,3
30149,5,8
11191,5,5
4511,5,6
64967,5,3
72162,5,8
6206,5,7
65006,5,4
67297,5,4
71015,5,3
N,2299,5,2,13
26257,5,8
72406,5,3
97425,5,6
48295,5,7
48866,5,5
28837,5,2
81574,5,10
77405,5,9
40581,5,1
89703,5,10
16098,5,8
39889,5,1
26595,5,4
N,1151,5,2,14
80737,5,3
32183,5,9
79327,5,1
95898,5,7
72793,5,3
29783,5,3
13926,5,1
28326,5,10
15961,5,1
93847,5,9
66907,5,5
50886,5,10
79527,5,2
65126,5,3
N,2047,5,2,19
56947,5,4
36550,5,4
34507,5,4
56021,5,10
63901,5,7
88293,5,10
85671,5,6
24243,5,6
44690,5,5
64740,5,8
48791,5,2
3863,5,6
48303,5,8
49767,5,6
14071,5,2
36261,5,4
99031,5,7
31843,5,5
5063,5,4
N,167,5,1,20
16091,5,7
24037,5,2
1991,5,10
23,5,10
77223,5,6
72675,5,1
29118,5,7
48837,5,2
14037,5,4
32387,5,3
11988,5,9
83670,5,2
83010,5,2
15335,5,1
89830,5,5
81038,5,4
34431,5,7
81639,5,4
39094,5,10
23782,5,5
N,771,5,1,5
56387,5,9
89555,5,1
24290,5,5
25541,5,6
46819,5,10
N,1945,5,2,11
24276,5,1
40587,5,4
81617,5,1
5831,5,4
97981,5,9
48805,5,10
16004,5,9
37991,5,7
86501,5,10
76470,5,10
69111,5,7
N,2235,5,1,20
48871,5,8
15253,5,6
73389,5,10
72771,5,1
64231,5,9
47906,5,4
93921,5,9
70951,5,2
53950,5,9
24285,5,5
67619,5,8
27287,5,5
32487,5,3
48339,5,3
64711,5,2
97378,5,3
54999,5,3
47186,5,9
13923,5,6
88542,5,4
N,1155,5,2,17
32182,5,6
77543,5,5
56510,5,3
72851,5,3
81063,5,4
89829,5,1
20703,5,2
19174,5,5
52383,5,2
11974,5,1
81406,5,9
2119,5,9
32447,5,10
16052,5,3
65254,5,7
89287,5,1
65078,5,9
N,2241,5,1,10
56260,5,4
46729,5,8
83590,5,8
98023,5,10
7695,5,10
72871,5,4
10167,5,8
93255,5,9
453,5,5
52836,5,4
N,643,5,2,16
56030,5,8
48807,5,1
38435,5,4
71264,5,3
89831,5,7
24262,5,4
52967,5,5
65105,5,7
15908,5,5
89696,5,8
61891,5,1
1463,5,9
23751,5,1
69303,5,3
96599,5,7
6205,5,6
N,323,5,1,5
77009,5,5
5151,5,7
40423,5,5
5151,5,3
35299,5,8
N,1986,5,1,12
89830,5,4
80981,5,7
51940,5,7
79495,5,5
72935,5,9
23687,5,9
48869,5,3
48822,5,5
6199,5,10
72421,5,4
96735,5,5
64871,5,3
N,2507,5,2,15
69333,5,6
39395,5,5
73027,5,5
97862,5,3
89559,5,5
75685,5,8
4779,5,9
12007,5,9
59965,5,5
52893,5,1
48166,5,6
95447,5,9
72421,5,4
27300,5,4
89312,5,9
N,325,5,2,11
89290,5,7
4591,5,7
93918,5,9
1861,5,7
95772,5,4
48099,5,3
40651,5,6
85479,5,10
24037,5,2
38567,5,2
55012,5,8
N,2975,5,1,14
53474,5,10
19673,5,7
68710,5,7
45796,5,9
3398,5,5
87205,5,2
64647,5,10
73287,5,3
11991,5,4
64611,5,4
61911,5,3
31893,5,8
24285,5,3
26839,5,4
N,330,5,2,19
24275,5,2
89439,5,5
16093,5,5
96969,5,1
26086,5,10
85685,8,1
24259,5,8
93730,5,3
15833,5,10
56147,5,4
33431,5,10
46806,5,10
92747,5,4
79319,5,10
96740,5,1
89751,5,7
15591,5,8
40647,5,10
89191,5,9
N,1246,5,1,17
43623,5,10
80231,5,3
14007,5,10
13543,5,10
17636,5,2
65063,5,9
32451,5,9
48855,5,6
15583,5,10
50278,5,5
56775,5,4
81127,5,6
13922,5,3
79543,5,5
77392,5,2
73107,5,8
29399,5,4
N,73,5,2,19
96224,5,2
4100,5,5
58068,5,1
87639,5,10
23210,5,1
88374,5,1
27366,5,7
93876,5,5
70118,5,3
60319,5,6
65255,5,1
1795,5,10
24275,5,6
21974,5,1
56663,5,5
22758,5,6
97447,5,10
42711,5,6
21287,5,7
N,299,5,1,15
46818,5,9
17895,5,4
81547,5,6
39655,5,2
1434,5,4
32439,5,6
83893,5,3
47839,5,8
57063,5,9
9871,5,8
48709,5,8
4130,5,9
40638,5,7
77018,5,8
89534,5,10
N,266,5,1,7
85205,5,6
81639,5,10
22247,5,6
23779,5,10
77507,5,9
56677,5,9
75363,5,3
N,1283,5,2,13
48743,5,10
40101,5,10
3052,5,9
52839,5,9
5959,5,4
98021,5,3
21767,5,6
56678,5,5
15783,5,7
48738,5,6
31078,5,2
24037,5,5
57047,5,5
N,2047,5,2,14
63463,5,2
40679,5,3
74983,5,8
57023,5,3
13991,5,6
70215,5,2
30423,5,4
6157,5,3
39654,5,8
79958,5,10
80615,5,6
48351,5,10
35351,5,10
97959,5,8
N,2291,5,2,20
64929,5,8
89747,5,7
83431,5,7
36295,5,9
64739,5,8
97895,5,2
15845,5,3
83621,5,10
20162,5,6
54960,5,6
63158,5,7
13722,5,9
85671,5,8
63143,5,3
97985,5,7
80532,5,5
89733,5,7
92783,5,1
31393,5,5
64919,5,3
N,995,5,2,16
4039,5,8
73447,5,9
15461,5,7
15013,5,6
46803,5,5
54743,5,6
31459,5,8
73362,5,3
49243,5,8
79279,5,5
11999,5,6
16868,5,2
98011,5,1
89763,5,9
76893,5,2
32459,5,6
N,1091,5,2,15
64196,5,3
87461,5,5
46750,5,5
15775,5,5
31463,5,7
29916,5,7
73447,5,10
77015,5,3
89407,5,1
81582,5,5
11619,5,10
48103,5,6
72295,5,1
97959,5,9
97637,5,4
N,2275,5,2,10
83207,5,3
93594,5,7
69351,5,10
78563,5,2
43741,5,5
34916,5,6
87207,5,7
92851,5,9
24294,5,10
71358,5,9
N,1699,5,2,20
40561,5,3
32255,5,9
57057,5,3
46374,5,8
5954,5,1
14262,5,1
92051,5,2
87175,5,10
65253,5,5
50835,5,2
97983,5,5
48871,5,2
43751,5,1
15077,5,7
97503,5,5
56959,5,4
56806,5,9
81619,5,5
73264,5,3
48703,5,8
N,2179,5,1,19
66251,5,9
27366,5,7
73158,5,5
30438,5,7
46679,5,3
59013,5,7
76915,5,9
13015,5,4
4679,5,7
23069,5,1
29154,5,1
89301,5,4
56838,5,1
44773,5,6
13885,5,6
13925,5,3
5183,5,7
73283,5,7
73411,5,3
N,1527,5,1,13
69255,5,1
54727,5,7
69351,5,10
24293,5,2
27687,5,4
97894,5,10
5839,5,9
67271,5,3
67283,5,3
81633,5,6
96727,5,3
9573,5,10
64938,5,2
N,195,5,1,10
65651,5,8
1582,5,9
62111,5,9
55781,5,3
89303,5,6
89829,5,4
93669,5,3
97767,5,9
12005,5,1
80455,5,7
N,1791,5,2,13
31974,5,2
81381,5,5
56998,5,7
97927,5,4
35071,5,2
89531,5,7
20199,5,8
68711,5,6
76998,5,8
93310,5,1
40513,5,6
52423,5,8
5924,5,1
N,2018,5,2,7
15327,5,3
89319,5,8
30407,5,1
40163,5,5
24286,5,10
97734,5,7
39909,5,9
N,1734,5,1,6
14036,5,7
92635,5,5
48778,5,2
4663,5,9
38407,5,2
89479,5,8
N,897,5,2,15
8775,5,7
79463,5,7
48279,5,5
3903,5,8
10913,5,8
5675,5,9
6053,5,3
81507,5,9
48359,5,9
6199,5,10
96451,5,9
73437,5,10
80547,5,7
16068,5,10
69342,5,7
N,202,5,1,14
24285,5,3
32470,5,5
89823,5,7
97876,5,5
6215,5,8
14247,5,1
81374,5,3
53959,5,6
36367,5,6
15035,5,9
46791,5,4
38375,5,8
73159,5,10
1871,5,1
N,2013,5,2,16
79834,5,5
98005,5,6
95375,5,10
20583,5,8
32207,5,10
28359,5,9
20199,5,9
73383,5,1
28303,5,8
23892,5,5
15962,5,2
28243,5,10
56966,5,10
73447,5,1
51863,5,5
24294,5,5
N,1281,5,1,7
81063,5,5
24278,5,1
76179,5,4
5983,5,6
34263,5,10
83679,5,2
5807,5,7
N,288,5,1,13
8035,5,9
55013,5,2
5959,5,4
84705,5,9
99718,5,7
62939,5,4
80511,5,9
99362,5,9
21219,5,2
89574,5,6
81634,5,8
14940,5,2
30247,5,5
N,2243,5,1,20
69323,5,1
16029,5,10
5270,5,4
68567,5,1
97471,5,4
70359,5,1
52963,5,10
24295,5,10
14116,5,5
69206,5,7
14180,5,7
24283,5,9
32463,5,3
14341,5,4
15719,5,6
56242,5,3
60037,5,10
81626,5,10
65255,5,4
23735,5,3
N,2930,5,2,6
50919,5,8
36583,5,8
28063,5,5
4042,5,3
51845,5,2
95959,5,10
N,2307,5,1,13
81613,5,4
13927,5,6
1091,5,10
72421,5,8
10022,5,1
89690,5,2
39047,5,8
40611,5,7
89660,5,4
4163,5,9
80001,5,3
4381,5,8
89831,5,10
N,1155,5,2,19
6195,5,2
32485,5,4
13895,5,9
42178,5,4
56551,5,5
48555,5,10
5147,5,2
2103,5,6
65175,5,10
15539,5,9
15815,5,8
54883,5,4
87575,5,8
31975,5,1
78297,5,5
6599,5,4
84705,5,3
44024,5,2
9735,5,7
N,73,5,2,19
2036,5,10
88742,5,3
36550,5,6
11303,5,3
5603,5,8
73139,5,6
10311,5,2
38629,5,7
31431,5,4
16095,5,9
75415,5,10
56531,5,3
46639,5,7
56785,5,1
48595,5,5
73318,5,2
85733,5,2
81343,5,7
96934,5,4
N,2243,5,2,10
87597,5,6
46748,5,6
47843,5,8
97751,5,10
5443,5,10
54469,5,7
34775,5,3
24244,5,10
45655,5,3
36503,5,10
N,2271,5,1,14
39629,5,1
69351,5,2
97878,5,8
23783,5,7
40614,5,8
36158,5,8
71399,5,6
48215,5,6
9899,5,2
64487,5,8
96835,5,8
57063,5,4
96451,5,8
56887,5,2
N,1203,5,2,16
35287,5,7
24087,5,8
77520,5,8
1029,5,9
50899,5,10
98018,5,9
78567,5,4
56991,5,9
32486,5,5
47775,5,5
11416,5,4
80727,5,10
32484,5,10
52580,5,2
72126,5,4
73438,5,6
N,2841,5,1,12
30815,5,3
24293,5,3
22999,5,8
97797,5,2
73439,5,4
79559,5,5
36060,5,2
15835,5,10
64674,5,8
64674,5,3
46693,5,6
63206,5,10
N,2307,5,2,20
52799,5,4
23543,5,2
44775,5,8
51931,5,2
24206,5,8
46437,5,6
4007,5,4
62663,5,9
95293,5,5
98771,5,4
53989,5,9
54740,5,5
70886,5,9
65190,5,8
16087,5,2
23781,5,9
45492,5,5
16039,5,10
56534,5,10
75246,5,8
N,2818,5,2,5
56039,5,4
96983,5,5
98003,5,3
64159,5,6
12007,5,3
N,1219,5,2,18
71174,5,1
13957,5,1
56548,5,9
96167,5,4
76347,5,5
95711,5,2
48606,5,7
24167,5,1
97919,5,1
40673,4,6
79526,5,10
36071,5,2
38111,5,7
15583,5,10
48069,5,2
15975,5,3
2102,5,6
47571,5,8
N,67,5,1,14
85734,5,10
85699,5,3
72547,5,8
47827,5,3
32386,5,6
15076,5,7
15751,5,7
38567,5,4
64611,5,8
80999,5,3
19655,5,2
28391,5,4
48485,5,2
38631,5,9
N,2675,5,2,5
55905,5,10
48852,5,2
97493,5,3
89751,5,3
27334,5,7
N,259,5,2,5
68325,5,10
30054,5,9
89828,5,2
89830,5,2
97055,5,9
N,835,5,1,13
39911,5,1
32487,5,1
53987,5,6
62290,5,8
89831,5,8
81635,5,3
15969,5,2
85666,5,3
89167,5,9
56486,5,8
98023,5,4
56993,5,3
61143,5,1
N,1019,5,1,19
73447,5,5
11915,5,6
65255,5,1
79870,5,4
63141,5,1
23015,5,4
88807,5,2
3110,5,1
14335,5,9
68960,5,8
72379,5,3
48679,5,1
72678,5,8
2815,5,10
88711,5,9
31295,5,3
72423,5,1
56255,5,6
98003,5,6
N,234,5,1,12
31712,5,6
15967,5,9
16084,5,5
3127,5,3
67163,5,9
44642,5,8
85478,5,3
2049,5,6
73435,5,6
5159,5,9
43731,5,5
14612,5,1
N,959,5,2,18
46500,5,6
93891,5,7
89209,5,3
36454,5,8
6111,5,5
24164,5,7
6143,5,1
52900,5,2
64199,5,2
5191,5,9
31910,5,2
77523,5,5
14559,5,7
11618,5,8
55905,5,1
15814,5,9
78951,5,8
24100,5,1
N,1782,5,1,15
6149,5,4
78663,5,1
81499,3,4
97894,5,6
27325,5,3
5284,5,8
92741,5,9
55525,5,3
62935,5,6
15078,5,3
42531,5,1
16084,5,1
1191,5,8
21991,5,7
61029,5,4
N,1215,5,1,20
71378,5,9
54503,5,3
40679,5,9
15561,5,3
40678,5,2
2119,5,9
64735,5,5
9907,5,10
80572,5,4
73191,5,2
58983,5,10
39652,5,8
36339,5,6
61919,5,5
22727,5,3
6186,5,4
79959,5,2
79039,5,2
64966,5,1
80947,5,1
N,1275,5,1,6
89455,5,7
8339,5,7
63151,5,2
36251,5,3
95946,5,8
40487,5,7
N,2299,5,2,20
58977,5,9
81603,5,9
99429,5,1
80353,5,7
15557,5,8
89701,5,7
30423,5,9
36039,5,1
18638,5,4
85732,5,1
31431,5,2
96571,5,5
63685,5,3
60119,5,3
57022,5,2
89291,5,4
42138,5,8
28385,5,10
5953,5,9
88135,5,3
N,1024,5,1,10
56542,5,4
71,5,1
20130,5,5
23011,5,6
98023,5,4
81115,5,8
6165,5,8
70887,5,9
89317,5,1
39135,5,7
N,2305,5,2,8
85671,5,3
87519,5,8
60228,5,6
29895,5,6
88660,5,7
78264,5,9
3131,5,4
29383,5,5
N,2151,5,2,18
95950,5,9
24294,5,2
97758,5,8
20194,5,1
43925,5,3
35971,5,3
94399,5,9
92066,5,7
48678,5,10
30258,5,5
45759,5,2
52941,5,6
1591,5,1
48103,5,4
20059,5,2
22991,5,1
89315,5,8
38592,5,10
N,1283,5,1,17
19039,5,8
6086,5,9
80960,5,9
97701,5,7
48743,5,6
56547,5,8
52861,5,7
79384,5,3
57063,5,5
47677,5,5
39638,5,7
60129,5,3
73111,5,2
14019,5,9
79077,5,1
48839,5,6
76839,5,10
N,287,5,2,5
88795,5,2
97969,5,7
87431,5,4
51902,5,5
30341,5,9
N,1705,5,1,15
95958,5,7
48827,5,3
36575,5,3
32230,5,6
62055,5,5
1081,5,2
42203,5,6
30005,5,1
16101,5,2
44763,5,6
23719,5,7
81061,5,4
97989,5,4
91623,5,8
20711,5,10
N,1651,5,2,11
79541,5,3
52709,5,9
59557,5,4
81507,5,5
77543,5,10
73311,5,2
89159,5,9
76383,5,2
97959,5,4
48854,5,7
68831,5,6
N,1023,5,2,14
64719,5,2
64101,5,8
2117,5,5
89575,5,9
63206,5,1
98022,5,1
31429,5,4
32471,5,9
13281,5,5
96990,5,3
64999,5,10
83382,5,6
57025,5,1
40647,5,10
N,2287,5,1,13
65238,5,4
80548,5,1
30054,5,6
61551,5,3
18075,5,1
38630,5,2
80051,5,3
72623,5,8
30303,5,7
40085,5,1
63198,5,4
27975,5,7
6055,5,3
N,1283,5,1,7
32343,5,2
23586,5,3
48145,5,3
5090,5,10
51861,5,3
56782,5,7
75877,5,9
N,1627,5,1,18
40413,5,9
81637,5,1
48870,5,1
89794,5,3
97587,5,2
98017,5,9
32487,5,10
44743,5,2
5428,5,6
73191,5,5
11991,5,9
34919,5,2
23085,5,5
13729,5,9
65247,5,4
1495,4,5
40318,5,2
40663,5,8
N,2787,5,1,9
28167,5,10
48683,5,5
89811,5,10
46943,5,2
12975,5,9
54501,5,10
65189,5,3
56967,5,6
57505,5,4
N,1923,5,2,6
65245,5,8
56981,5,2
23271,5,1
96999,5,1
88798,5,3
42725,5,4
N,280,5,2,8
77463,5,1
54427,2,8
22689,5,3
9447,5,7
47078,5,7
79583,5,1
24281,5,7
81628,5,2
N,1271,5,1,15
81639,5,2
10309,5,3
86689,5,8
72374,5,7
40163,5,9
28007,5,2
53203,5,2
80551,5,5
24279,5,6
32487,5,8
30335,5,5
16103,5,5
791,5,8
5893,5,5
64563,5,1
N,2275,5,2,6
4326,5,7
96189,5,6
2665,5,5
14551,5,9
71879,5,5
47335,5,8
N,1714,5,2,7
15591,5,9
64741,5,9
16099,5,7
15821,5,7
11865,5,2
89668,5,3
96327,5,2
N,1275,5,1,8
8670,5,6
11959,5,9
64445,5,1
89479,5,7
15558,5,4
3014,5,1
55511,5,8
37734,5,6
N,503,5,2,8
32471,5,2
22007,5,5
40671,5,9
6087,5,3
52950,5,5
23255,5,1
11991,5,8
24155,5,10
N,1151,5,2,9
73398,5,3
810,5,8
97735,5,2
6135,5,6
5959,5,6
15047,5,8
63197,5,4
95911,5,7
44114,5,6
N,2304,5,2,9
73191,5,5
91878,5,1
62949,5,7
48847,5,3
95903,5,6
63951,5,8
23781,5,2
72423,5,2
48643,5,3
N,1027,5,1,15
73041,5,7
46534,5,6
15847,5,3
20150,5,7
36559,5,7
64997,5,5
56927,5,9
23263,5,1
63055,5,3
76487,5,1
64711,5,6
23271,5,4
67976,5,3
52263,5,6
87782,5,10
N,1283,5,2,8
79591,5,3
73189,5,1
89307,5,10
38551,5,8
13478,5,10
84583,5,1
93790,5,2
14693,5,2
N,2179,5,1,6
55702,5,5
48326,5,10
60883,5,2
97925,5,3
48231,5,5
86921,5,2
N,1187,5,2,10
24293,5,4
52701,5,9
27317,5,9
32294,5,2
11874,6,7
97255,5,9
89317,5,3
32343,5,4
56007,5,9
73410,5,6
N,1782,5,1,12
70682,5,4
39975,5,10
81601,5,4
23777,5,8
34445,5,4
64740,5,10
69350,5,6
15447,5,10
73447,5,8
48327,5,6
97831,5,10
15844,5,2
N,1266,5,1,18
21714,5,10
32459,5,10
28287,5,1
24287,5,5
98004,5,3
32380,5,5
92759,5,1
30307,5,7
88223,5,8
97767,5,2
63143,5,7
55706,5,10
62113,5,8
95947,5,2
92509,5,1
93780,5,2
96935,5,4
23229,5,7
N,2611,5,2,10
78551,5,8
26279,5,6
77462,5,10
20173,5,7
16067,5,4
48822,5,10
89815,5,6
27367,5,7
74124,5,3
31463,5,1
N,249,5,1,5
97986,5,10
57047,5,2
30754,5,5
64871,2,6
98023,5,2
N,1024,5,2,11
65250,5,2
75271,5,10
4167,5,6
15390,5,8
6195,5,7
40671,5,1
22247,5,9
98021,5,7
67175,5,4
45247,5,1
87446,5,1
N,1145,5,1,20
70855,5,2
63591,5,7
93651,5,4
65255,5,5
31295,5,6
66725,5,8
3007,5,9
48869,5,9
40422,5,6
72165,5,7
31299,5,6
31255,5,7
16101,5,6
88547,5,9
73407,5,1
81084,5,1
69307,5,8
64738,5,10
23782,5,7
32227,5,10
N,327,5,1,17
79287,5,3
42663,5,3
77191,5,5
81623,5,10
46183,5,4
89765,5,10
34535,5,5
48870,5,7
3637,5,5
5663,5,6
63157,5,7
36316,5,10
59110,5,2
72417,5,2
3462,5,6
32319,5,1
48455,5,4
N,1765,5,1,12
32191,5,8
59847,5,3
81511,5,6
62098,5,5
60607,5,2
23773,5,1
13971,5,1
82983,5,10
34499,5,9
83044,5,5
83584,5,7
32447,5,2
N,1090,5,1,7
77335,5,8
97575,5,9
80358,5,3
87264,5,1
89543,5,3
64743,5,4
13917,5,5
N,2306,5,2,17
39643,5,9
48766,5,1
26279,5,9
89831,5,1
16052,5,2
61152,5,3
88007,5,8
87654,5,2
52955,5,7
88982,5,4
23383,5,5
23262,5,10
48863,5,2
69187,5,4
87253,5,6
24023,5,3
92306,5,1
N,1011,5,2,17
5821,5,8
80740,5,9
81319,5,8
69223,5,2
69091,5,5
98006,5,7
7491,5,5
18654,5,10
80486,5,2
29919,5,7
65252,5,1
89767,5,7
73438,5,6
5190,5,3
87707,5,4
37575,5,5
33406,5,1
N,328,5,2,19
72675,5,8
23695,5,3
80999,5,3
63971,5,9
73411,5,7
80606,5,3
47143,5,2
87382,5,3
73437,5,2
86969,5,5
97759,5,6
56037,5,8
81554,5,10
1585,5,3
78871,5,9
72358,5,6
89831,5,10
41691,5,7
32477,5,4
N,2291,5,2,6
40226,5,4
55653,5,8
64195,5,6
2119,5,10
32351,5,10
73959,5,9
N,1283,5,1,6
40679,5,2
79555,5,1
78802,5,3
81573,5,3
88037,5,8
23779,5,8
N,771,5,2,16
26340,5,9
7647,5,8
24294,5,9
89145,1,2
2037,5,5
64866,5,4
52955,5,6
47807,5,1
51867,5,3
14499,5,9
78558,5,10
8518,5,8
16071,5,8
42469,5,7
81510,5,5
61149,5,10
N,2307,5,1,7
30287,5,3
46567,5,8
81127,5,9
85095,5,2
39527,5,1
68327,5,2
40126,5,9
N,2304,5,1,16
79463,5,4
70179,5,4
71335,5,1
79910,5,10
89463,5,6
5699,5,10
85421,5,9
12743,5,7
34413,5,4
95759,5,3
27490,5,5
93798,5,4
11975,5,6
48711,5,4
91838,5,5
48847,5,8
N,2282,5,2,12
48279,5,2
52823,5,3
14022,5,4
16079,5,5
79590,5,2
59004,5,5
91850,5,10
40549,5,7
14236,5,10
40327,5,4
16095,5,4
55325,5,3
N,267,5,2,10
97485,5,7
73431,5,10
73237,5,9
50851,5,2
79463,5,1
48359,5,10
64642,5,2
89766,5,7
68805,4,2
24163,5,6
N,1774,5,1,20
16085,5,2
62693,5,10
5683,5,2
80380,5,6
65159,5,6
93575,5,5
81333,5,4
56519,5,8
22759,5,8
24099,5,3
96925,5,10
48285,5,2
38119,5,9
60119,5,3
51875,5,6
81607,5,8
48829,5,9
89371,5,9
48763,5,5
63957,5,1
N,451,5,2,6
60519,5,6
27245,5,4
53990,5,7
61141,5,9
39014,5,7
60901,5,8
N,2283,5,1,5
15815,5,5
80783,5,2
21087,5,7
28332,5,5
55911,5,6
N,995,5,2,19
37351,5,2
16100,5,8
80358,5,8
5943,5,9
54694,5,5
42213,5,5
24283,5,9
31165,5,7
61059,5,5
26855,5,1
32487,5,4
6213,5,4
73447,5,4
58055,5,4
64833,5,8
40119,5,2
6015,5,8
21735,5,7
57030,5,3
N,1742,5,1,7
55391,5,3
24167,5,6
25055,5,3
81319,5,8
88887,5,9
20167,5,3
52423,5,3
N,75,5,2,19
57062,5,1
32481,5,8
52070,5,2
19333,5,6
5687,5,10
65254,5,8
11490,5,2
16031,5,7
95652,5,8
21468,5,3
40611,5,3
81109,5,1
44773,5,6
38607,5,8
73063,5,5
52895,5,6
56037,5,8
31303,5,2
97415,5,5
N,1503,5,2,14
77523,5,6
7879,5,2
97983,5,6
32415,5,4
80358,5,7
24079,5,5
97479,5,1
38567,9,10
73313,5,10
73445,5,7
69223,5,9
48743,5,3
39963,5,6
72349,5,6
N,203,5,1,9
3135,5,8
73397,5,8
40374,5,9
24535,5,4
17887,5,3
11742,5,7
52887,5,6
30259,5,1
29703,5,3
N,323,5,1,7
14407,5,10
28326,5,4
61154,5,3
32339,5,3
39012,5,9
16102,5,3
81319,5,10
N,178,5,1,5
29412,5,4
97845,5,8
94343,5,4
34405,5,1
23271,5,4
N,1281,5,2,12
30919,5,2
40095,5,2
92902,5,6
96981,5,3
66015,5,2
48662,5,7
5901,5,4
46823,5,2
31463,5,3
15836,5,8
10975,5,10
72226,5,2
N,976,5,1,20
65214,5,1
71175,5,3
89575,5,4
47683,5,7
18387,5,8
86583,5,4
81301,5,7
72819,5,2
72919,5,2
53758,5,1
89819,5,1
13818,5,8
56783,5,8
47963,5,10
85473,5,7
23621,5,2
14943,5,3
31143,5,3
89731,5,3
11731,5,4
N,1979,5,2,15
48614,5,5
94175,5,10
92891,5,6
95935,5,10
91863,5,2
46823,5,1
81539,5,6
69831,5,4
81627,5,7
29511,5,4
35103,5,2
22623,5,8
80159,5,8
48291,5,4
32159,5,8
N,2305,5,2,12
89783,5,10
16046,5,2
6141,5,1
2019,5,1
31463,5,1
52405,5,9
36582,5,5
85207,5,2
82791,5,10
80287,5,3
40645,5,9
73191,5,8
N,2274,5,2,10
86911,5,8
72933,5,3
48059,5,1
64134,5,8
38503,5,10
43703,5,3
40411,5,7
70758,5,9
56779,5,5
47942,5,10
N,1505,5,1,7
80870,5,10
323,5,3
11750,5,9
52961,5,6
30311,5,7
5950,5,2
32423,5,10
N,963,5,2,19
48423,5,3
6006,5,3
64209,5,4
97469,5,2
70311,5,7
81635,5,2
94923,5,4
76890,5,3
98022,5,3
8934,5,6
32459,5,8
21429,5,3
48605,5,1
97952,5,5
16103,5,4
20167,5,4
96999,5,4
42471,5,5
32358,5,1
N,2019,5,1,17
32471,5,4
38883,5,2
62678,5,7
40551,5,10
39638,5,2
63206,5,9
97926,5,9
1831,5,4
39319,5,5
89671,5,6
23573,5,2
55906,5,8
70311,5,9
53966,5,4
96983,5,7
94567,5,6
79590,5,6
N,242,5,1,8
95959,5,3
63974,5,5
73359,5,1
37583,5,7
48599,5,10
48614,5,10
19111,5,2
73165,5,6
N,962,5,1,20
80991,5,2
46811,5,7
5158,5,9
73380,5,10
15831,5,1
16095,5,7
68261,5,1
31685,5,4
80095,5,2
14869,5,5
87782,5,5
9703,5,7
45732,5,1
375,5,4
19674,5,9
27859,5,5
15911,5,10
64710,5,2
70066,5,2
5413,5,3
N,2177,5,2,19
48851,5,7
89685,5,3
3647,5,5
85538,5,7
4421,5,6
63159,5,4
11943,5,1
46759,5,7
57031,5,5
31843,5,6
72935,5,5
13543,5,9
52967,5,4
69022,5,8
56423,5,8
81234,5,1
19899,5,4
85063,5,7
88805,5,6
N,2235,5,1,6
60094,5,6
42689,5,9
1191,5,6
6215,5,5
92891,5,3
28059,5,8
N,1244,5,1,11
11047,5,5
31447,5,5
85958,5,3
9407,5,8
73438,5,9
5567,5,8
80519,5,10
40677,5,2
54503,5,9
96743,5,5
44736,5,8
N,2403,5,1,13
8895,5,6
48347,5,3
35557,5,10
6084,5,8
23238,5,4
85735,5,8
71383,5,10
97510,5,3
36292,5,10
89428,5,9
16038,5,6
79459,5,9
2757,5,2
N,1143,5,2,18
81619,5,4
36451,5,4
69221,5,4
56484,5,10
44645,5,9
93711,5,9
5830,5,5
57055,5,1
36327,5,9
15043,5,5
4569,5,6
45799,5,8
53647,5,1
84189,5,8
81599,5,8
70213,5,2
65191,5,4
15719,5,7
N,771,5,1,10
27367,5,1
10293,5,4
64681,5,8
38119,5,2
72103,5,3
4023,5,4
89655,5,2
53927,5,9
10951,5,9
57063,5,8
N,2819,5,2,8
23269,5,3
10007,5,5
61911,5,6
97895,5,9
63647,5,8
24294,5,10
5063,5,1
47909,5,1
N,259,5,1,6
97974,5,2
96965,5,10
46375,5,9
4153,5,3
81501,5,4
39653,5,3
N,72,5,2,14
40599,5,3
71350,5,5
69653,5,2
48871,5,3
69187,5,4
47829,5,7
31967,5,4
65191,5,4
69287,5,6
58981,5,10
23175,5,2
16039,5,3
48693,5,5
47254,5,6
N,115,5,1,13
40151,5,4
29986,5,6
16101,5,2
14810,5,6
91743,5,4
52903,5,5
95359,5,6
53763,5,10
3985,5,6
65230,5,8
36310,5,7
48462,5,1
81633,5,2
N,201,5,1,11
25783,5,8
95719,5,8
966,5,4
14047,5,7
46311,5,5
23139,5,9
22999,5,1
42533,5,3
81111,5,3
31463,5,7
4167,5,10
N,2899,5,2,9
48840,5,2
58422,5,7
73446,5,2
30935,5,5
93895,5,9
73414,5,6
30304,5,3
78388,5,9
81287,5,3
N,995,5,2,18
46750,5,1
67686,5,4
52943,5,1
40678,5,6
36294,5,1
31397,5,1
21957,5,7
81543,5,7
38117,5,9
95675,5,9
95580,5,7
13911,5,7
20190,5,5
69159,5,7
51943,5,1
44549,5,10
942,5,3
30178,5,5
N,761,5,2,6
93815,5,1
68551,5,2
60903,5,9
73444,5,7
6151,5,4
36519,5,8
N,2887,5,2,19
4086,5,1
54724,5,8
72549,5,10
65158,5,10
65090,5,9
89307,5,6
6211,5,7
81630,5,3
44775,5,1
6211,5,5
65220,5,1
89725,5,5
85723,5,9
10405,5,6
87246,5,10
15717,5,5
5735,5,2
3399,5,1
46820,5,10
N,2163,5,2,10
80438,5,7
98001,5,2
40677,5,1
10973,5,5
40551,5,10
65221,5,3
24158,5,2
24229,5,2
95719,5,8
19930,5,10
N,2053,5,2,12
9703,5,10
80550,5,1
55839,5,5
58952,5,6
4935,5,5
97999,5,7
55845,5,10
40660,5,9
15815,5,1
10469,5,5
15910,5,2
24279,5,10
N,2146,5,2,18
64485,5,3
80591,5,6
40675,5,1
57003,5,8
70886,5,4
15439,5,7
48802,5,3
80795,5,2
14053,5,6
87783,5,9
46311,5,1
70000,5,6
48871,5,6
39239,5,4
19781,5,2
28003,5,2
44775,5,10
40679,5,5
N,187,5,2,5
79398,5,4
80935,5,3
65059,5,1
67103,5,6
69855,5,9
N,2819,5,1,19
87747,5,9
27823,5,8
29697,5,7
57058,5,7
29079,5,2
94615,5,8
56251,5,10
77405,5,4
26343,5,10
57063,5,1
22239,5,1
12837,5,3
32487,5,1
48591,5,7
85175,5,9
71387,5,4
56807,5,6
7879,5,10
81378,5,7
N,952,5,2,11
68823,5,2
89679,5,10
48615,5,9
59639,5,3
48831,5,10
31391,5,10
87639,5,7
3655,5,7
75370,5,5
92903,5,10
54439,5,6
N,2179,5,2,17
96327,5,8
87740,5,6
42150,5,9
69258,5,8
11742,5,1
97973,5,8
44125,5,10
31041,5,8
27197,5,9
40483,5,5
73443,5,2
57058,5,9
60997,5,8
39969,5,10
77158,5,7
60370,5,9
97925,5,7
N,1279,5,2,17
32482,5,9
79421,5,8
58309,5,7
44743,5,6
80507,5,5
40606,5,1
17051,5,6
54231,5,10
81383,5,1
19567,5,7
42567,5,9
39067,5,5
3004,5,8
28325,5,10
75493,5,3
38243,5,7
32359,5,6
N,2499,5,1,19
38603,5,6
64699,5,5
6151,5,10
30423,5,2
62021,5,10
32310,5,2
51279,5,3
5319,5,4
40018,5,8
56543,5,4
36053,5,2
32315,5,9
23015,5,5
89254,5,7
95847,5,1
40645,5,6
68822,5,10
82533,5,5
24278,5,5
N,327,5,1,9
79535,5,10
27495,5,4
20011,5,7
31559,5,3
11716,5,9
11941,5,5
81601,5,6
46439,5,7
15862,5,6
N,571,5,2,16
98535,5,8
21223,5,9
73245,5,4
80970,5,9
24113,5,1
48611,5,7
40420,5,9
36575,5,6
88801,5,5
6175,5,9
31969,5,3
97895,5,9
45629,5,3
22045,5,4
20166,5,2
32375,5,2
N,2809,5,1,9
9607,5,8
15200,5,3
88771,5,4
96902,10,4
76984,5,5
87679,5,3
65230,5,5
89700,5,9
24279,5,9
N,1136,5,2,9
85607,5,9
65059,5,5
14563,5,9
5699,5,6
76519,5,4
40294,5,1
27822,5,7
15937,5,10
64946,5,5
N,2819,5,2,11
72669,5,6
40679,5,7
48191,5,9
61269,5,2
81575,5,8
61159,5,10
1859,5,10
16081,5,7
57049,5,5
89255,5,3
89667,5,3
N,1762,5,2,19
54991,5,6
65255,5,4
61158,5,7
2105,5,3
31653,5,6
26247,5,10
63975,5,1
77542,5,4
23991,5,8
47180,5,6
71364,5,1
15447,5,7
28899,5,8
98007,5,1
87719,5,8
64727,5,9
55013,5,7
60135,5,3
87623,5,10
N,2307,5,1,8
65247,5,10
88017,5,8
29923,5,7
63713,5,4
42694,5,9
95653,5,7
86759,5,2
6151,5,3
N,299,5,1,6
64998,5,6
84647,5,6
65245,5,8
46303,5,8
93671,5,1
47319,5,5
N,2299,5,1,13
24035,5,6
11963,5,3
23263,5,6
6150,5,2
73431,5,9
38555,5,2
40653,5,5
56983,5,8
60003,5,6
87779,5,5
24095,5,5
79527,5,1
97207,5,1
N,267,5,2,12
13599,5,5
77519,5,2
40613,5,10
40647,5,2
35847,5,3
89527,5,6
76005,5,1
72333,5,10
39571,5,5
58981,5,1
85731,5,4
3557,5,8
N,2265,5,2,15
30823,5,1
97185,5,1
80862,5,6
6207,5,4
48358,5,6
3653,5,2
56293,5,6
39137,5,5
87655,5,6
71889,5,2
50583,5,4
31328,5,10
65231,5,7
97862,5,2
89555,5,6
N,1617,5,1,10
40663,5,5
16031,5,5
85526,5,9
48802,5,6
31751,5,8
72196,5,4
1955,5,1
99481,5,8
48215,5,9
6023,5,5
N,295,5,1,10
58437,5,2
48803,5,7
79577,5,1
6079,5,6
32485,5,3
4035,5,1
11847,5,2
5140,5,5
96914,5,7
79847,5,9
N,2271,5,2,15
77525,5,1
88035,5,9
37351,5,5
89303,5,10
81097,5,8
3901,5,8
56661,5,9
37447,5,8
48794,5,6
96343,5,10
40663,5,3
58981,5,8
13023,5,6
15669,5,6
4031,5,6
N,281,5,1,16
42725,5,5
63911,5,3
11991,5,1
71399,5,10
3877,5,1
55935,5,8
48823,5,6
12231,5,3
73423,5,10
19943,5,9
44239,5,4
28263,5,9
31269,5,3
27108,5,1
57043,5,1
23271,5,3
N,1283,5,1,16
742,5,9
18397,5,10
71379,5,8
27318,5,7
56423,5,8
72031,5,2
56036,5,3
28615,5,2
40559,5,3
32355,5,5
93914,5,7
52707,5,10
48598,5,5
48719,5,8
15583,5,5
1335,5,2
N,31,5,1,13
30108,5,1
50867,5,3
99935,5,4
71239,5,6
15515,5,4
77379,5,8
6151,5,7
47717,5,3
5191,5,6
40583,5,9
32422,5,10
73334,5,3
48727,5,1
N,995,5,2,13
40663,5,6
89651,5,3
98023,5,7
43687,5,9
38631,5,4
1989,5,1
5191,5,10
16103,5,8
78559,5,8
7193,5,9
99779,5,5
70362,5,6
7163,5,6
N,1018,5,2,7
65231,5,4
14055,5,6
70868,5,7
36386,5,3
14933,5,3
40675,5,10
40658,5,4
N,2239,5,1,5
64738,5,5
32479,5,6
79591,5,7
40358,5,1
43111,5,3
N,1226,5,1,10
85702,5,5
54951,5,2
5930,5,10
93158,5,5
901,5,10
38304,5,9
73445,5,5
5699,5,7
77529,5,1
13249,5,4
N,2859,5,1,9
57031,5,4
42723,5,10
39055,5,9
89061,5,5
40678,5,5
48871,5,3
55783,5,9
16059,5,8
40550,5,10
N,1407,5,2,12
30373,5,9
71846,5,1
60321,5,7
97973,5,1
8743,5,4
32461,5,5
54367,5,7
66135,5,1
64670,5,3
5678,5,3
73441,5,5
58853,5,10
N,294,5,2,5
23781,5,3
73287,5,10
95447,5,5
81383,5,10
44643,5,4
N,383,5,2,19
33901,5,10
56038,5,9
89615,5,3
31838,5,2
40622,5,4
49874,5,2
89319,5,2
69349,5,8
79655,5,7
14823,5,10
27591,5,6
19622,5,2
75347,5,7
72933,5,6
46563,5,9
57061,5,8
9159,5,4
72497,5,7
14819,5,7
N,2818,5,2,19
28387,5,7
21795,5,6
38367,5,5
30306,5,4
40119,5,9
4988,5,2
93403,5,6
15973,5,5
11266,5,1
32469,5,2
56029,5,3
35543,5,9
32471,5,10
56863,5,1
73383,5,9
56999,5,1
1605,5,8
71495,5,9
16039,5,10
N,2305,5,2,18
77511,5,2
5830,5,1
75335,5,7
93782,5,7
32355,5,3
97623,5,7
81119,5,7
95655,5,5
1959,5,3
48864,5,2
884,5,7
97990,5,4
16069,5,7
79521,5,2
81306,5,10
52961,5,5
9878,5,6
1566,5,2
N,315,5,2,13
1605,5,7
72679,5,1
66279,5,4
64999,5,8
68766,5,2
23778,5,2
50662,5,10
29911,5,3
32219,5,5
15462,5,7
14047,5,10
57055,5,7
95203,5,5
N,2147,5,2,13
93911,5,8
5989,5,1
5231,5,6
48867,5,9
63958,5,9
80135,5,6
72423,5,1
75940,5,5
32475,5,10
65215,5,7
69166,5,10
64739,5,2
28771,5,10
N,2304,5,1,16
80066,5,5
47839,5,9
89511,5,7
73379,5,4
78535,5,5
5415,5,8
44765,5,7
44767,5,4
18534,5,8
72571,5,3
32469,5,10
99663,5,3
72163,5,3
7591,5,10
78949,5,10
23973,5,8
N,2265,5,2,8
2051,5,6
31975,5,3
13030,5,2
15911,5,7
56022,5,2
31975,5,1
11973,5,3
6215,5,5
N,1218,5,1,15
55911,5,2
42405,5,3
95959,5,7
10983,5,2
15590,5,1
44735,5,10
3095,5,10
47195,5,5
73155,5,7
4931,5,3
39257,5,9
44775,5,2
77415,5,7
93728,5,7
48245,5,10
N,1101,5,1,8
83431,5,1
77277,5,2
56536,5,7
40063,5,3
72807,5,8
6164,5,6
73447,5,1
24151,5,6
N,1235,5,2,13
48573,5,3
89558,5,7
30401,5,4
97999,5,9
31449,5,6
40343,5,8
38501,5,6
80463,5,7
89191,5,6
45791,5,5
81118,5,10
7975,5,7
28349,5,1
N,75,5,2,16
89575,5,5
4855,5,4
29895,5,8
53813,5,4
64972,5,2
48231,5,3
29623,5,6
97622,5,7
98022,5,6
72151,5,5
72423,5,6
48863,5,7
13351,5,6
81631,5,10
97895,5,6
60643,5,10
N,2272,5,2,10
46557,5,2
38607,5,4
23718,5,1
28370,5,7
61911,5,6
46815,5,10
40631,5,6
15631,5,6
85283,5,5
19799,5,2
N,1791,5,2,11
72231,5,8
44755,5,1
48357,5,5
38183,5,8
73287,5,10
5703,5,10
75495,5,7
42711,5,6
26817,5,4
8929,5,6
96479,5,5
N,1151,5,1,18
65179,5,2
29925,5,2
39143,5,9
15839,5,6
76775,5,7
89613,5,9
73444,5,3
15366,5,2
87783,5,7
81123,5,5
55011,5,3
96482,5,9
79079,5,9
48103,5,4
54111,5,8
91559,5,9
48070,5,2
5415,5,5
N,1155,5,1,8
57050,5,5
89687,5,8
92583,5,6
32159,5,5
81494,5,1
87111,5,3
30823,5,1
88766,5,9
N,330,5,2,12
26234,5,3
86457,5,2
56025,5,1
13323,5,3
72931,5,2
90311,5,2
55749,5,6
89791,5,3
6198,5,5
74469,5,1
32231,5,6
84538,5,8
N,2799,5,1,15
64581,5,4
23267,5,3
31553,5,2
56903,5,8
5687,5,4
15788,5,4
23165,5,10
13731,5,8
80469,5,5
35381,5,2
32454,5,8
30847,5,3
63045,5,6
86756,5,9
64159,5,10
