N,2172,5,3,20
19674,5,2
23223,5,3
23630,5,2
88679,5,3
28903,5,9
42197,5,9
96983,5,8
95975,5,7
5159,5,5
1604,5,9
81615,5,1
80583,5,5
56503,5,6
4103,5,6
44647,5,6
48835,5,2
11990,5,10
6056,5,4
22755,5,8
35511,5,2
N,2562,5,5,14
32443,5,5
93727,5,4
31831,5,1
3902,5,4
27361,5,7
6189,5,10
79551,5,4
40103,5,1
97376,5,7
79462,5,8
80359,5,10
96996,5,10
97251,5,6
63971,5,7
N,2146,5,4,20
13607,5,6
52807,5,6
1719,5,6
13799,5,10
19674,5,5
31430,5,10
89798,5,1
1863,5,10
60775,5,9
48775,8,5
56469,5,1
5591,5,2
65155,5,3
65191,5,9
32231,5,1
38627,5,2
66789,5,8
55915,5,6
64551,5,9
10979,5,4
N,1744,5,5,6
85111,5,5
67295,5,6
55527,5,4
61927,5,6
16103,5,9
85518,5,8
N,2141,5,5,19
63159,5,9
5057,5,3
16103,5,9
72135,5,1
40151,5,8
22101,5,10
31333,5,7
88935,5,2
85703,5,5
57015,5,4
79043,5,10
15590,5,3
54973,5,10
13311,5,6
54452,5,4
89431,5,5
84515,5,8
39891,5,2
28894,5,5
N,1323,5,3,15
43557,5,8
73315,5,4
24198,5,5
48727,5,2
23525,5,9
14757,5,7
6143,5,10
62695,5,2
73229,5,4
72743,5,1
9439,5,7
9809,5,3
89471,5,2
5623,5,1
94923,5,8
N,295,5,4,6
73187,5,6
19651,5,10
30437,5,10
48551,5,10
64983,5,10
28901,5,2
N,2547,5,3,8
88446,5,3
74331,5,1
72903,5,8
64707,5,5
16047,5,5
44551,5,2
53599,5,6
23966,5,1
N,770,5,4,19
97403,5,3
67038,5,10
63170,5,7
77543,5,4
81083,5,6
86959,5,9
63079,5,4
4573,9,8
81566,5,8
44518,5,8
93927,5,5
47826,5,7
31198,5,1
30851,5,4
3815,5,5
82373,5,7
30431,5,9
4006,5,10
85222,5,2
N,1226,5,3,6
63655,5,10
33871,5,10
88758,5,9
75723,5,7
89819,5,8
5318,5,3
N,2946,5,3,9
97465,5,2
73031,5,9
13799,5,1
11877,5,5
23142,5,4
65055,5,5
5859,5,4
38303,5,3
14502,5,8
N,327,5,3,11
12007,5,5
5655,5,8
89471,5,1
40164,5,5
95895,5,3
59103,5,9
12319,5,7
89639,5,9
63588,5,8
15639,5,8
24167,5,3
N,1724,5,4,13
5663,5,7
40487,5,10
40679,5,3
64019,5,7
73317,5,9
63955,5,3
39117,5,6
93539,5,10
48703,5,4
23261,5,5
92133,5,3
86167,5,6
73319,5,5
N,1439,5,3,16
95945,5,6
55012,5,7
88419,5,7
93892,5,2
16042,5,5
65255,5,2
6186,5,1
23271,5,5
85654,5,4
73410,5,7
93405,5,3
60866,5,1
52884,5,8
31331,5,2
27188,5,1
72671,5,6
N,2523,5,3,7
22103,5,6
93510,5,7
12099,5,5
1951,5,9
31973,5,2
5391,5,4
4678,5,9
N,203,5,3,18
14823,5,10
81365,5,3
71347,5,10
23911,5,2
36453,5,10
93859,5,7
63958,5,4
15591,5,4
40579,5,1
81585,5,3
12002,5,2
52967,5,5
89693,5,10
96742,5,8
11970,5,6
24129,5,5
22631,5,4
47196,5,10
N,2050,5,5,17
39106,5,5
85969,5,10
64157,5,6
31035,5,4
64962,5,3
91363,5,5
64742,5,8
24041,5,2
14503,5,6
52567,5,10
24279,5,3
6203,5,10
28372,5,8
14035,5,9
72161,5,6
15015,5,2
80869,5,7
N,2179,5,4,12
6187,5,8
79591,5,5
97572,5,2
1857,5,9
64949,5,4
89697,5,4
36455,5,5
96418,5,3
64615,5,7
55973,5,10
91855,5,2
87781,5,6
N,2289,5,5,10
73447,5,1
23259,5,10
56551,5,5
16071,5,8
41319,5,8
21854,5,4
4145,5,2
83429,5,6
81567,5,2
55999,5,8
N,2047,5,3,7
23715,5,1
81638,5,1
72930,5,4
70237,5,8
18150,5,7
79839,5,9
81348,5,6
N,1265,5,3,9
81623,5,4
47279,5,6
92503,5,5
60903,9,1
68902,5,5
89527,5,8
69351,5,2
88983,5,4
28263,5,6
N,1771,5,3,12
93649,5,7
24295,5,10
71071,5,10
56989,5,7
48562,5,9
56604,7,10
31975,5,3
93923,5,5
26017,5,7
81639,5,3
63883,5,10
72423,5,10
N,2223,5,5,8
56791,5,9
28070,5,4
64690,5,7
14031,5,7
88275,5,2
32467,5,1
85415,5,7
4998,5,7
N,488,5,4,18
28383,5,6
19527,5,9
40677,5,8
96643,7,5
48742,5,4
65237,5,2
47833,5,4
38543,5,8
98846,5,3
89575,5,3
30357,5,2
8259,5,8
85127,5,3
3235,5,1
44673,5,10
1087,5,1
1039,5,7
88023,5,4
N,1267,5,3,17
15842,5,4
77255,5,4
5239,5,2
88806,5,1
21750,5,10
20199,5,8
47815,5,4
22838,5,2
60327,5,10
73317,5,1
40369,5,6
48870,5,10
24262,5,1
52931,5,6
73415,5,10
46439,5,3
81499,5,2
N,1769,5,5,19
23259,5,4
24275,5,2
15525,5,8
48348,5,7
5942,5,4
26338,5,6
89315,5,10
45975,5,8
27831,5,10
30311,5,3
98021,5,8
83428,5,3
56549,5,7
26855,5,8
98001,5,2
32403,5,1
3902,5,10
60891,5,5
88279,5,10
N,2049,5,5,9
10534,5,5
27231,5,6
69023,5,5
2469,5,7
21974,5,4
15550,5,4
89828,5,2
7495,5,9
52951,5,2
N,323,5,3,17
97767,5,4
40031,5,2
56791,5,9
68231,5,1
65155,5,5
44517,5,3
73326,5,9
38055,5,7
73390,5,5
88614,5,2
81383,5,1
16064,5,3
56675,5,7
23115,5,7
58595,5,7
97859,5,4
30691,5,3
N,1443,5,4,16
4098,8,5
14531,5,2
88035,5,2
14940,5,5
32198,5,10
65204,5,3
56493,5,10
46817,5,10
16535,5,3
23139,5,6
2103,5,8
46723,5,6
38118,5,2
87231,5,9
31407,5,10
85717,5,5
N,1279,5,3,16
16063,5,5
32167,5,10
68195,5,6
30053,5,2
38537,5,1
68259,5,7
87716,5,9
64935,5,8
28251,6,1
24259,5,5
55717,5,2
58533,5,4
15571,5,3
89525,5,4
56998,5,4
24101,5,5
N,2179,5,5,9
15457,5,6
77539,5,9
36285,5,6
5011,5,6
67299,5,1
20967,5,1
4097,5,4
35303,5,8
42019,5,9
N,2307,5,3,19
52678,5,9
46535,5,8
4673,5,7
22067,5,1
5839,5,6
56149,5,7
52797,5,6
48843,5,9
76383,5,2
64736,5,9
39521,5,3
31457,5,7
67021,5,10
21175,5,4
51901,5,3
32423,5,7
56871,5,7
3519,5,8
24164,5,8
N,2941,5,4,16
98015,5,1
38631,5,1
30871,5,9
87779,5,7
79846,5,6
48025,5,9
65976,5,6
1605,5,6
68007,5,4
38630,5,10
5525,5,6
22117,5,4
71071,5,3
89767,5,4
2063,5,8
56677,5,6
N,1206,5,4,12
4031,5,2
5830,5,7
79511,5,7
48550,5,8
80583,5,7
40359,5,9
55505,5,4
5403,5,8
73231,5,10
52711,5,4
54927,5,4
37591,5,6
N,299,5,3,7
21607,5,4
46815,5,8
15781,5,8
39143,5,9
88985,5,5
15334,5,2
81113,5,10
N,2050,5,5,7
5831,5,7
48870,5,8
24131,5,9
36575,5,6
24270,5,8
31159,5,9
24255,5,2
I,5,4,48
D,5,4
N,2305,5,5,17
20839,5,6
40543,5,3
14022,5,10
88767,5,9
31886,5,7
87989,5,1
64230,5,3
575,5,1
50027,5,8
39367,5,3
92865,1,4
89428,5,9
97766,5,8
98015,5,8
40159,5,5
79051,5,5
40423,5,3
N,643,5,4,6
40519,5,9
38246,5,7
90965,5,1
19997,5,9
87509,5,4
38631,5,4
N,1155,5,3,15
95839,5,10
81351,5,10
78983,5,3
79407,5,5
12231,5,4
80519,5,9
71878,5,10
56419,5,5
16098,5,10
40671,5,3
4014,5,9
55527,5,3
40103,5,10
95838,5,1
81639,5,8
N,2819,5,5,5
20901,5,2
40309,5,10
2103,5,1
19477,5,10
63127,5,7
N,1171,5,4,6
67302,5,8
22695,5,4
98007,5,6
3847,5,2
27988,5,3
73438,5,1
N,483,5,3,9
20199,5,1
22213,5,2
38627,5,2
54375,5,1
39415,5,6
80982,5,2
73319,5,1
1598,5,1
16103,5,2
N,1099,5,3,17
72935,5,3
92863,5,6
56764,5,2
73445,5,9
30411,5,9
39591,5,9
45911,5,3
65223,5,4
15035,5,7
88159,5,7
3079,5,5
97791,5,7
89551,5,7
89491,5,5
45540,5,3
48871,5,4
69351,5,2
N,1211,5,5,12
48739,5,5
99797,5,6
24176,5,3
52007,5,4
16091,5,8
29335,5,2
96159,5,3
50806,5,6
60647,5,7
80839,5,10
64102,5,1
62917,5,10
N,1283,5,3,9
48870,5,8
79382,5,4
6087,5,3
48581,5,6
69663,5,3
84703,5,4
32484,5,8
73443,5,7
55975,5,8
N,1275,5,3,14
55011,5,3
76477,5,1
65109,5,4
62687,5,2
54749,5,5
4293,5,9
56386,5,9
71365,5,2
81255,5,3
46419,5,2
97926,5,4
72928,5,1
59091,5,3
56973,5,8
N,293,5,3,6
26821,5,7
4676,5,3
89798,5,5
16083,5,10
56519,5,2
32423,5,9
N,1107,5,3,15
39910,5,4
60100,5,3
56519,5,7
89763,5,2
39397,5,7
70310,5,6
15071,5,9
78999,5,4
72103,5,10
28279,5,4
57046,5,10
4452,5,4
65120,5,3
23147,5,1
84639,5,5
N,2755,5,5,5
34517,5,2
31431,5,7
47319,5,1
73447,5,7
72283,5,10
N,634,5,4,6
24286,5,4
97987,5,2
57029,5,4
89575,5,3
53,5,1
73427,5,4
N,1075,5,4,9
14271,5,8
23623,5,10
5855,5,9
93671,5,2
69294,5,10
30390,5,10
48855,5,8
56993,5,4
32291,5,1
N,2027,5,4,17
91083,5,9
15687,5,9
10172,5,4
44679,5,7
61158,5,5
23870,5,8
29270,5,8
24271,5,1
15199,5,9
94691,5,4
77505,5,4
64087,5,1
54815,5,6
52966,5,3
5695,5,4
88293,5,8
65245,5,1
N,1145,5,3,18
70025,5,3
87654,5,10
48087,5,6
97879,5,8
26322,5,8
30439,5,7
65232,5,4
66211,5,4
22175,5,9
15463,5,7
40116,5,6
51943,5,9
73095,5,4
52438,5,8
89095,5,9
15847,5,8
35417,5,3
89511,5,10
N,1143,5,5,6
48799,5,5
60612,5,9
40089,5,10
40099,5,9
46439,5,3
40166,5,2
N,2947,5,4,13
95269,5,8
89315,5,4
40671,5,9
53223,5,1
98005,5,2
1556,5,4
99001,5,7
81637,5,4
43687,5,3
71109,5,10
72997,5,7
39907,5,9
73447,5,10
N,754,5,3,7
98021,5,4
89730,5,8
72673,5,10
95695,5,6
85719,5,7
36583,5,6
71759,5,7
N,329,5,3,20
92647,5,3
84694,5,2
97910,5,3
20007,5,1
85711,5,10
39397,5,4
23271,5,2
64219,5,7
73446,5,1
6215,5,5
52415,5,4
8919,5,4
56547,5,4
72165,5,6
97541,5,3
81445,5,1
48343,5,5
63052,5,7
95703,5,7
67302,5,2
N,2303,5,5,11
96475,5,7
64595,5,5
48511,5,7
40671,5,5
8263,5,7
4161,5,6
19684,5,9
37478,5,1
48803,5,6
73335,5,7
19427,5,10
N,2880,5,3,13
38617,5,1
63206,5,5
97959,5,9
81107,5,6
54945,5,5
47751,5,5
40671,5,1
40677,5,1
89505,5,9
80710,5,7
61109,5,3
7842,5,5
46311,5,9
N,249,5,5,19
40295,5,8
13391,5,3
92251,5,5
19108,5,9
64167,5,6
44005,5,6
47811,5,5
95451,5,8
18134,5,9
62150,5,6
40418,5,2
97749,5,10
93022,5,3
64049,5,3
13911,5,7
56023,5,7
14055,5,3
4359,5,5
64215,5,4
P,5,3,203,4756.5
P,5,3,2805,1341.69
P,5,5,747,1220.12
P,5,5,1785,3176.53
D,5,9
P,5,5,1025,765.17
D,5,5
D,5,7
N,2305,5,3,5
12323,5,6
69095,5,6
49499,5,6
58127,5,3
65043,5,6
D,5,10
P,1,10,199,2759.7
P,9,9,1519,43.93
P,5,3,2041,4127.35
N,1728,5,3,7
22721,5,1
96999,5,8
16071,5,1
79015,5,7
46795,5,9
16007,5,5
91174,5,6
N,2267,5,5,17
27231,5,7
47579,5,5
61159,5,6
85151,5,3
23271,5,4
72134,5,6
73186,5,10
73447,5,2
95973,5,10
89810,5,7
73422,5,10
63461,5,4
75397,5,6
32295,5,10
26855,5,3
79969,5,6
21205,5,3
N,2303,5,3,12
22050,5,3
89655,5,10
97959,5,4
73158,5,5
31413,5,4
73447,5,6
40349,5,6
48807,5,3
7615,5,9
2107,5,1
11927,5,2
5051,5,8
N,1147,5,3,8
81559,5,1
68291,5,5
20969,5,7
24038,5,8
30930,5,7
45767,5,9
95855,5,5
65063,5,4
O,5,3,1795
D,5,2
N,2307,5,5,11
89186,5,2
64239,5,5
96804,5,5
63663,5,3
65210,5,9
81443,5,4
54631,5,5
89702,5,3
27447,5,10
21733,5,2
99731,5,10
P,2,5,1282,3563.49
P,5,3,1105,554.76
P,5,4,987,1832.85
S,5,5,19,33
N,2307,5,3,14
19041,5,2
99791,9,3
41554,5,3
16063,5,1
32461,5,9
32743,5,7
79815,5,4
63774,5,4
89221,5,6
99923,5,3
56769,5,9
24166,5,1
59519,5,1
5168,5,4
N,197,5,3,17
46823,5,9
65217,5,3
72671,5,1
40239,5,8
80614,5,8
96165,5,5
87499,5,7
65255,5,4
71239,5,2
93799,5,6
24293,5,2
19684,5,1
72374,5,2
89190,5,10
6011,5,5
43521,5,7
88739,5,1
N,1086,5,5,17
30183,5,2
87775,5,4
54981,5,3
64471,5,9
4151,5,1
96485,5,6
32452,5,6
61159,5,8
74447,5,1
97894,5,1
5883,5,4
13445,5,1
5631,5,5
14951,5,6
65247,5,1
40647,5,10
72205,5,1
N,1923,5,4,9
40679,5,6
56534,5,7
29287,5,2
12646,5,5
32131,5,2
56611,5,9
48487,5,2
72415,5,9
1958,5,4
N,2226,5,5,15
31954,5,7
15335,5,4
50271,5,7
47333,5,3
13101,5,9
5953,5,7
57047,5,4
56933,5,10
14554,5,3
72423,5,7
15045,5,9
48711,5,2
89206,5,2
38623,5,5
14049,5,1
N,1259,5,5,9
55511,5,8
88293,5,8
29722,5,7
15931,5,8
48869,5,6
19111,5,9
55877,5,8
89807,5,4
65235,5,9
N,295,5,3,17
60867,5,9
93829,5,6
79526,5,1
88679,5,1
45763,5,3
1087,5,5
47551,5,4
72927,5,3
54343,5,7
89310,5,3
70375,5,2
23527,5,9
89615,5,2
88733,5,9
24033,5,10
97955,5,5
81639,5,3
N,329,5,5,20
24295,5,1
6157,5,9
59105,5,10
48730,5,6
52324,5,2
55527,5,9
40662,5,1
65220,5,9
13911,5,5
92897,5,5
73430,5,8
12327,5,10
76263,5,4
13127,5,9
68262,5,3
56550,5,8
21526,5,10
88014,5,10
16092,5,4
97239,5,7
N,1229,5,3,10
6043,5,8
48771,5,6
56031,5,2
52902,5,5
32481,5,4
85671,5,9
54619,5,4
96359,5,10
22055,5,6
99493,5,4
N,321,5,5,15
40646,5,4
96742,5,4
77539,5,4
14423,5,10
40533,5,8
68310,5,2
34502,5,1
3814,5,4
68283,5,9
73435,5,9
46815,5,8
2087,5,1
42725,5,8
81499,5,5
96671,5,5
N,963,5,5,11
81123,5,1
89559,5,10
80573,5,10
72390,5,2
56535,5,1
40652,5,3
57823,5,7
30788,5,6
32454,5,10
46295,5,10
70369,5,7
N,623,5,5,13
33509,5,6
35031,5,1
22247,7,7
45798,5,10
65189,5,7
32376,5,2
80039,5,3
63079,5,1
26338,5,9
95717,5,6
39635,5,2
5941,5,1
45792,5,6
N,883,5,4,18
73046,5,5
23783,5,5
66791,5,4
65134,5,2
34534,5,6
87510,5,7
96917,5,8
73190,5,7
2119,5,1
93538,5,4
65215,5,5
28327,5,10
6147,5,7
96611,5,10
81639,5,1
51173,5,3
19935,5,1
27367,5,8
N,770,5,4,8
46299,5,3
40158,5,9
38631,5,7
55998,5,10
61143,5,1
94508,5,9
1791,5,4
5575,5,1
N,202,5,4,6
35551,5,8
95439,5,8
63974,5,5
40452,5,5
14514,5,6
77511,5,5
N,447,5,4,20
46783,5,6
73415,5,1
15843,5,2
89679,5,1
37071,5,9
88719,5,3
16063,5,4
71335,5,10
34462,5,1
70019,5,9
28389,5,4
21985,5,5
16041,5,6
32023,5,5
6212,5,2
64607,5,4
38501,5,9
48741,5,10
84447,5,10
15846,5,8
N,2305,5,5,16
22239,5,3
3843,5,2
48608,5,4
47748,5,3
5159,5,5
22103,5,8
32403,5,5
6150,5,3
89818,5,1
19621,5,1
89571,5,6
55015,5,10
48645,5,8
65115,5,8
65251,5,1
89826,5,3
N,2033,5,3,8
30371,5,3
24038,5,8
32423,5,6
15075,5,6
3399,5,7
79457,5,7
36582,5,3
16032,5,6
N,1187,5,4,14
54167,5,5
80515,5,10
40579,5,4
6011,5,8
24272,5,10
20163,5,2
16089,5,3
16071,5,8
40642,5,10
89551,5,3
48851,5,10
4389,5,3
40511,5,5
80863,5,9
N,2290,5,5,15
2848,5,7
94605,5,1
36551,5,1
53987,5,7
43421,5,3
80530,5,8
55933,5,3
75416,5,2
97477,5,5
79269,5,2
59873,5,4
21281,5,1
63046,5,5
70629,5,7
43941,5,6
D,5,2
D,5,9
N,2289,5,3,16
60903,5,2
48455,5,3
89159,5,10
71232,5,5
20067,5,2
82839,5,2
45735,5,1
14055,5,4
80564,5,7
61156,5,8
94695,5,5
29925,5,3
32343,5,1
76391,5,6
48551,5,6
40359,5,5
N,1128,5,4,16
69331,5,1
85607,5,9
24276,5,8
32429,5,3
79591,5,5
81375,5,9
24039,5,7
87133,5,7
22239,5,10
2071,5,3
40673,5,6
81095,5,4
40164,5,10
59058,5,10
24134,5,5
13635,5,8
T
N,1282,5,4,5
42499,5,2
29351,5,4
24162,5,7
40677,5,3
52579,5,6
D,5,9
D,5,8
D,5,2
D,5,3
D,5,2
D,5,6
D,5,9
D,5,2
D,5,7
D,5,9
D,5,3
D,5,8
D,5,10
D,5,9
D,5,10
D,5,4
D,5,6
D,5,3
D,5,10
S,5,3,13,32
N,1186,5,5,17
97447,5,10
99980,5,4
77543,5,8
48855,5,10
3463,5,8
48839,5,10
93795,5,5
36197,5,9
89686,5,2
64023,5,7
14007,5,9
83807,5,4
16087,5,8
57058,5,7
64353,5,6
40519,5,2
89791,5,9
N,227,5,4,15
37479,5,4
2106,5,2
53223,5,9
56087,5,6
93238,5,8
5031,5,8
4167,5,6
11860,5,7
72263,5,1
6214,5,7
95015,5,2
40679,5,4
57059,5,1
31587,5,7
6147,5,3
S,5,4,14,28
N,1281,5,4,8
32486,5,2
15291,5,3
73446,5,1
81607,5,7
97383,5,9
89319,5,7
30949,5,3
5813,5,1
N,2043,5,5,17
26943,5,8
71267,5,7
95703,5,8
71361,5,2
15974,5,1
15003,5,8
73027,5,2
32037,5,10
60278,5,10
16101,5,1
34423,5,5
99039,5,7
97122,5,5
51887,5,1
62108,5,8
4581,5,4
54727,5,5
N,2226,5,3,9
80053,5,4
38631,5,3
64677,5,6
1979,5,10
15063,5,4
21222,5,4
73183,5,3
88035,5,10
77535,5,6
N,2045,5,3,5
56835,5,9
37663,5,4
64221,5,5
92591,5,6
89791,5,7
N,2303,5,3,13
1287,5,10
60597,5,3
65204,5,10
32479,5,5
73188,5,6
62679,5,9
76935,5,6
56775,5,4
54,5,10
10419,5,5
2069,5,4
84643,5,1
48148,5,10
N,267,5,4,17
78247,5,1
81378,5,10
4141,5,8
65239,5,1
20194,5,1
65255,5,3
15591,5,10
23260,5,9
15655,5,9
38247,5,5
1717,5,10
89826,5,5
87311,5,2
81610,5,10
38501,5,9
74342,5,4
6197,5,5
N,1141,5,3,13
23775,5,10
70631,5,6
64973,5,9
81111,5,9
78024,5,3
23111,5,3
38583,5,1
9775,5,7
65119,5,9
10452,5,4
56031,5,1
56743,5,4
64207,5,2
N,762,5,5,5
24198,5,3
14055,5,7
87753,5,1
81255,5,6
5699,5,10
N,1727,5,3,16
97194,5,1
24263,5,10
47847,5,8
36511,5,3
24095,5,4
89823,5,10
20131,5,4
95927,5,7
62951,5,2
27355,5,2
56738,5,3
95719,7,7
52359,5,8
93625,5,10
48867,5,5
88607,5,1
N,1282,5,5,14
19363,5,7
69095,5,8
23111,5,8
29267,5,2
58012,5,3
31045,5,7
98000,5,9
16053,5,1
54991,5,8
32401,5,10
98007,5,5
24183,5,7
17630,5,8
53708,5,5
N,2287,5,4,9
81062,5,8
14787,5,7
30247,5,8
47838,5,10
71135,5,5
5131,5,4
81493,5,10
97915,5,10
75310,5,2
N,2235,5,4,5
44695,5,3
13542,5,10
81639,5,1
14053,5,3
40254,5,9
N,75,5,3,15
27342,5,5
28135,5,7
6195,5,8
40419,5,9
9915,5,2
11870,5,8
65250,5,3
73446,5,2
97758,5,7
10967,5,8
95947,5,10
40423,5,5
30183,5,8
96983,5,4
67015,5,5
N,1137,5,3,15
56518,5,2
56519,5,4
23649,5,7
72007,5,2
83683,5,4
32035,5,5
48099,5,4
24037,5,1
27911,5,4
73179,5,9
40652,5,9
89285,5,4
48799,5,6
97763,5,10
87557,5,8
N,1149,5,3,9
65249,5,4
24163,5,9
47072,5,3
77461,5,10
36565,5,2
61129,5,2
31795,5,4
5566,5,4
40652,5,2
N,2193,5,4,8
96822,5,5
99483,5,6
79525,5,2
31975,5,10
25527,5,5
24199,5,7
80535,5,4
16066,5,2
N,1023,5,5,19
23767,5,10
19621,5,4
46663,5,4
50855,5,4
81599,5,9
46821,5,1
24231,5,5
44519,5,10
52775,5,8
19171,5,5
32228,5,2
5956,5,9
98006,5,8
72310,5,6
40077,5,6
55510,5,10
95935,5,3
5893,5,6
73435,5,10
N,1283,5,3,16
98422,5,5
87475,5,3
22220,5,2
32471,5,9
56797,5,6
28213,5,6
93835,5,4
29686,5,4
31495,5,6
48769,5,4
80610,5,2
11751,5,5
36388,5,9
73297,5,3
87254,5,3
46951,5,1
N,232,5,4,13
73292,5,6
21943,5,8
69057,5,5
75135,5,5
47687,5,9
65142,5,7
2111,5,4
48870,5,9
59107,5,3
71843,5,8
5958,5,6
19917,5,1
32134,5,2
N,1266,5,4,17
5830,5,2
73447,5,5
31239,5,8
96391,5,8
47847,5,8
5063,5,7
73189,5,5
50918,5,10
40165,5,3
73350,5,8
21158,5,8
89691,5,8
88806,5,10
71399,5,2
20165,5,7
56711,5,3
81289,5,1
N,1251,5,5,8
73319,5,3
5619,5,6
31455,5,1
91849,5,6
94951,5,4
14446,5,4
32357,5,6
30103,5,2
N,1011,5,4,14
93919,5,5
13919,5,7
56192,5,7
96711,5,3
89828,5,1
39138,5,4
23267,5,7
13942,5,7
38341,5,5
60517,5,9
37302,5,3
81623,5,4
83156,5,10
86247,5,8
N,1795,5,5,7
40614,5,5
97727,5,8
80069,5,4
12007,5,4
44735,5,6
79291,5,8
99682,5,8
N,2243,5,4,13
85671,5,1
78935,5,1
56295,5,9
92715,5,1
59871,5,8
56546,5,6
30143,5,5
40646,5,10
83092,5,5
80549,5,6
7487,5,10
7619,5,3
98005,5,1
N,1276,5,3,11
52198,5,4
54458,5,4
24245,5,10
63463,5,9
32223,5,2
68467,5,10
72423,5,10
93372,5,4
85716,5,6
56288,5,10
32212,5,7
N,1283,5,5,11
70106,5,1
89735,5,6
96867,5,4
24284,5,7
40167,5,8
13943,5,7
73444,5,5
5506,5,4
80094,5,9
30374,5,5
32221,5,2
N,2819,5,5,14
89798,5,10
40608,5,7
81359,5,7
46689,5,9
68771,5,8
52710,5,10
61117,5,5
5491,5,6
71351,5,10
72293,5,9
4679,5,9
96103,5,5
76770,5,8
15525,5,7
N,2819,5,5,12
95911,5,2
2119,5,9
55187,5,9
83576,5,1
64475,5,5
47773,5,9
63927,5,4
28351,5,3
1094,5,6
27926,5,5
87647,5,4
81574,5,6
N,1239,5,3,7
20199,5,8
10463,5,3
21479,5,8
64421,5,6
97767,5,7
69342,5,4
75494,5,1
N,1410,5,4,8
4677,5,7
56739,5,2
80996,5,9
73379,5,1
62935,5,4
56037,5,7
26343,5,9
48791,5,4
N,278,5,5,5
96475,5,5
52701,5,1
13405,5,6
80275,5,2
88806,5,7
N,1103,5,3,16
81511,5,8
63589,5,2
29087,5,9
63463,5,7
56708,5,6
89746,5,10
85727,5,2
62370,5,3
97611,5,7
31879,5,7
2854,5,3
48871,5,2
14818,5,4
63970,5,1
28116,5,1
15332,5,1
N,1280,5,3,8
31399,5,1
63079,5,8
65239,5,4
87779,5,7
24005,5,5
12999,5,5
44391,5,4
50659,5,6
N,962,5,3,15
50788,5,6
3867,5,3
3823,5,3
15543,5,1
43727,5,7
583,5,1
81575,5,1
48838,5,8
11236,5,5
31445,5,7
81254,5,3
32391,5,6
87237,5,1
64983,5,9
27345,5,10
N,2895,5,3,18
33365,5,6
34535,5,2
21841,5,6
20198,5,6
2119,5,5
60900,5,4
6167,5,5
23495,5,3
14054,5,1
60894,5,1
48091,5,2
5907,5,7
15815,5,8
37861,5,9
32486,5,2
19687,5,3
24223,5,6
64678,5,1
N,2307,5,5,9
97637,5,9
16934,5,5
24237,5,8
79571,5,1
22876,5,8
71398,5,2
23135,5,9
97893,5,8
73158,5,5
N,1923,5,3,13
32487,5,6
65255,5,8
56675,5,9
89063,5,5
32085,5,1
3766,5,7
9831,5,2
36583,5,4
4157,5,2
30367,5,4
73447,5,7
6209,5,1
56522,5,2
N,763,5,4,10
95719,5,10
48613,5,6
44739,5,3
18117,5,6
89699,5,9
64871,5,2
83367,5,5
23613,5,8
64885,5,8
36545,5,1
N,1075,5,5,8
89747,5,2
78917,5,8
5485,5,5
48742,5,2
85719,5,8
7983,5,4
28377,5,1
24283,5,9
N,651,5,4,8
70887,5,3
3393,5,3
97699,5,8
15501,5,9
99547,5,10
52451,5,4
57047,5,8
79779,5,4
N,2302,5,4,12
55875,5,10
73125,5,9
45789,5,1
48359,5,9
97951,5,7
46725,5,5
47835,5,4
67431,5,6
40662,5,5
56959,5,8
20196,5,3
20183,5,8
N,1793,5,3,18
32999,5,9
56039,5,2
99874,5,1
36509,5,4
73375,5,3
48199,5,6
39617,5,4
52375,5,3
73162,5,3
44239,5,6
76325,5,1
93669,5,10
86689,5,4
96249,5,3
72340,5,6
38375,5,7
52897,5,4
54631,5,8
N,2243,5,4,18
35333,5,7
72676,5,4
31021,5,2
22182,5,7
35005,5,2
81331,5,4
42723,5,3
15839,5,7
2055,5,6
40583,5,7
10835,5,5
55782,5,7
2055,5,5
24295,5,7
57045,5,1
40655,5,2
31573,5,3
65247,5,2
N,75,5,5,19
35525,5,4
43709,5,7
30599,5,8
89047,5,3
34527,5,2
6195,5,4
87750,5,3
48741,5,6
32483,5,7
64039,5,6
61106,5,10
32165,5,9
68673,5,10
16103,5,4
48740,5,9
35013,5,6
40519,5,9
32384,5,1
29511,5,2
N,1727,5,3,6
28357,5,8
45699,5,10
57030,5,1
13983,5,6
15747,5,1
98011,5,10
N,1151,5,3,20
89813,5,6
40157,5,9
84932,5,1
83495,5,6
27891,5,1
97563,5,6
14823,5,4
48865,5,8
23495,5,7
23525,5,10
73247,5,7
88807,5,10
36291,5,5
93509,5,8
55471,5,3
64097,5,4
60263,5,8
1822,5,10
48358,5,1
38362,5,6
N,2305,5,5,7
79591,5,10
52421,5,6
32454,5,2
16103,5,10
81466,5,7
50649,5,3
89694,5,9
N,2867,5,4,17
13793,5,6
40631,5,8
29911,5,6
95191,5,6
15647,5,9
28373,5,1
71747,5,5
64197,10,4
5691,5,5
16086,5,3
5143,5,9
95447,5,9
95847,5,4
56535,5,8
72085,5,8
71262,5,6
5830,5,1
N,2011,5,3,7
6215,5,9
89698,5,1
42717,5,10
64015,5,10
93799,5,6
54934,5,3
28350,5,6
N,1283,5,4,13
56778,5,3
69315,5,7
48871,5,3
12391,5,5
80550,5,10
24292,5,5
72359,5,8
1841,5,8
23271,5,9
59071,5,1
72678,5,1
76517,5,4
60135,5,4
N,171,5,3,10
62679,5,3
4003,5,4
48543,5,4
48279,5,8
54239,5,9
64230,5,7
62167,5,9
31118,5,8
64478,5,3
19111,5,1
N,1059,5,3,10
89827,5,7
48735,5,8
56742,5,5
4821,5,9
28999,5,3
6215,5,8
5703,5,10
1971,5,6
64214,5,3
44743,5,2
N,2307,5,3,10
36559,5,10
14406,5,9
67239,5,1
31172,5,4
95845,5,6
38471,5,5
48774,5,6
52965,5,9
56919,5,10
16097,5,9
N,2243,5,3,10
23767,5,9
47527,5,2
39457,5,9
73319,5,6
28366,5,4
73185,5,5
24031,5,9
32482,5,1
53470,5,2
21341,5,2
N,2274,5,5,15
65031,5,9
81637,5,4
55511,5,4
71142,5,3
71277,5,7
80483,5,4
46819,5,4
97829,5,10
51811,5,3
59111,5,8
54470,5,9
15571,5,7
62685,5,3
86838,5,7
97838,5,7
N,291,5,3,7
97695,5,9
53981,5,3
23271,5,6
97383,5,1
56991,5,4
20953,5,7
56925,5,5
N,2875,5,3,6
1071,5,4
72375,5,7
81383,5,1
56878,5,3
65237,5,9
24295,5,8
N,1935,5,5,16
55302,5,9
24260,5,6
97959,5,8
49878,5,10
48486,5,3
57047,5,10
47687,5,3
30439,5,4
48291,5,2
40167,5,3
87774,5,5
20135,5,8
28319,5,7
64615,5,3
51170,5,9
6165,5,7
N,1010,5,4,17
73183,5,2
93799,5,10
2115,5,10
98007,5,5
96966,5,6
42167,5,3
44359,5,1
38374,5,7
40091,5,9
30335,5,1
39623,5,5
5431,5,8
40669,5,8
20163,5,4
98018,5,3
20967,5,7
19399,5,3
N,315,5,4,15
32453,5,3
24131,5,2
77403,5,6
93411,5,5
40223,5,3
32061,5,1
44254,5,8
72162,5,10
95971,5,3
44703,5,2
55879,5,8
48863,5,8
34370,5,3
21983,5,9
36577,5,2
N,1138,5,3,5
24131,5,6
96927,5,6
81637,5,6
32417,5,10
36583,5,3
N,855,5,3,5
8899,5,10
56791,5,9
3606,5,7
26335,5,8
87267,5,9
N,40,5,4,9
95966,5,9
81639,5,1
2095,5,1
56226,5,5
26655,5,3
48789,5,8
20199,5,2
52962,5,1
81615,5,9
N,2817,5,5,15
14990,5,6
3907,5,9
51423,5,1
83587,5,7
47832,5,2
6079,5,8
73383,5,7
23079,5,1
57046,5,8
48578,5,3
72679,5,1
44772,5,2
59603,5,5
40237,5,9
45671,5,1
N,2243,5,5,20
81639,5,5
95427,5,6
23967,5,8
31967,5,9
97435,5,8
81630,5,1
48862,5,2
68775,5,6
88789,5,1
24039,5,7
2031,5,2
77471,5,1
40199,5,5
14275,5,5
81637,5,8
5956,5,9
46745,5,6
38111,5,5
26319,5,1
88789,5,4
N,1473,5,3,17
87654,5,6
57054,5,10
2113,5,1
5693,5,3
47778,5,1
5615,5,8
19913,5,3
15979,5,1
14055,5,9
48868,5,7
6163,5,8
44389,5,8
38559,5,3
32230,5,2
4629,5,5
81639,5,10
40070,5,1
N,770,5,5,19
32473,5,5
36436,5,2
23721,5,7
32417,5,9
45663,5,2
73301,5,4
95812,5,1
14817,5,10
28127,5,5
56679,5,8
95846,5,1
85222,5,1
3651,5,8
48833,5,4
77543,5,5
60419,5,10
16103,5,9
73385,5,4
50887,5,5
N,2800,5,3,5
56800,5,3
56800,5,3
839,5,5
22983,5,3
69319,5,9
N,2178,5,3,17
57023,5,1
49379,5,4
97831,5,1
29891,5,5
32399,5,9
28387,5,4
73435,5,5
89487,5,10
16038,5,4
97765,5,5
97862,5,9
10829,5,5
5475,5,10
68181,5,3
33645,5,9
31455,5,3
45794,5,9
N,1518,5,5,15
22631,5,1
40439,5,7
5147,5,6
29399,5,4
47207,5,2
65221,5,3
32438,5,1
46269,5,3
15535,5,3
99783,5,9
48743,5,2
96871,5,3
6029,5,1
15957,5,1
56835,5,9
N,2243,5,4,5
40273,5,9
46514,5,3
58342,5,9
65171,5,10
95975,5,8
N,1027,5,3,9
85733,5,6
4102,5,7
63151,5,4
33212,5,7
58853,5,2
61826,5,7
54999,5,6
31971,5,5
32402,5,10
N,1271,5,3,19
20175,5,5
67303,5,10
88035,5,9
65251,5,7
33511,5,1
80578,5,2
40099,5,2
87143,5,6
22111,5,2
96331,5,9
97510,5,2
2087,5,10
81503,5,6
89818,5,8
55510,5,8
89391,5,9
15301,6,1
96983,5,7
57063,5,5
N,251,5,3,14
44732,5,1
48039,5,6
31312,5,7
48806,5,5
95679,5,8
54479,5,5
20197,5,4
6209,5,3
71367,5,1
51687,5,6
15969,5,3
64998,5,2
18063,5,1
52839,5,10
N,75,5,5,18
18015,5,2
72194,5,3
6031,5,9
89663,5,8
11485,5,2
70883,5,1
92647,5,10
27335,5,4
71329,5,2
93339,5,8
71367,5,5
48511,5,10
20635,5,9
99365,5,3
89573,5,3
47655,5,3
88663,5,5
77029,5,3
N,1201,5,4,7
67269,5,4
29415,5,10
25125,5,7
81247,5,2
62759,5,9
56295,5,10
23254,5,2
N,314,5,4,6
47791,5,1
23923,5,6
30366,5,4
92135,5,3
5589,5,3
89566,5,10
N,2233,5,3,13
85031,5,4
64935,5,10
83670,5,3
81631,5,4
96398,5,1
11595,5,8
83876,5,2
81095,5,7
12870,5,1
46669,5,4
89630,5,9
71219,5,8
15041,5,1
N,331,5,5,20
48599,5,9
89823,5,8
60887,5,6
4103,5,6
11333,5,2
85734,5,10
14905,5,4
40151,5,10
12167,5,2
5959,5,8
23909,5,10
41182,5,2
91815,5,8
95902,5,3
3127,5,10
93892,5,2
67301,5,8
21823,5,9
16103,5,7
78615,5,10
N,2303,5,4,18
81374,5,9
61125,5,7
22677,5,9
96791,5,1
32469,5,5
5119,5,7
38326,5,9
32485,5,1
73447,5,5
46787,5,5
3895,8,10
24292,5,3
61143,5,3
65127,5,2
40614,5,7
88802,5,6
5171,5,7
19163,5,8
N,1267,5,4,8
73315,5,9
57063,5,3
59479,5,5
15069,5,4
15587,5,5
7159,5,8
48597,5,8
15959,5,3
N,1131,5,3,17
62945,5,9
64383,5,1
32350,5,4
15077,5,8
17623,5,2
6013,5,9
95948,5,9
63958,5,8
97895,5,5
80345,5,3
70773,5,1
25291,5,8
58599,5,4
28263,5,10
32157,5,8
54821,5,10
94806,5,1
N,243,5,3,7
34751,5,2
16099,5,2
80869,5,3
37408,5,2
92833,5,3
32966,5,4
81450,5,4
N,1283,5,3,6
85850,5,10
5047,5,1
89691,5,7
24182,5,6
97847,5,5
32359,5,5
N,1795,5,5,12
37079,9,1
56861,5,10
66851,5,3
16022,5,3
38619,5,9
6143,5,9
4027,8,7
10727,5,9
32486,5,8
20045,5,5
31847,5,6
77027,5,6
N,133,5,4,9
27111,5,4
39637,5,7
89443,6,9
73248,5,10
32006,5,8
6145,5,4
19172,5,7
40665,5,3
2051,3,8
N,1210,5,3,12
40571,5,4
31895,5,3
16071,5,2
13525,5,6
40413,5,9
24295,5,7
62502,5,9
57943,5,10
52967,5,10
6184,5,10
73319,5,9
19680,5,6
N,1219,5,5,5
25991,5,3
81367,5,3
96869,5,6
71463,5,10
40672,5,4
S,5,4,20,32
N,1775,5,4,8
79555,5,5
31382,5,6
68963,5,4
64735,5,5
55435,5,6
61013,5,6
21991,5,6
97892,5,2
D,5,6
D,5,3
D,5,4
D,5,8
D,5,8
D,5,4
D,5,3
O,5,3,2307
D,5,5
N,415,5,5,5
73431,5,7
96359,5,4
89799,5,1
91417,5,7
48742,5,9
P,5,3,297,4537.23
P,5,5,299,1361.15
P,5,5,2176,4502.56
R,5,3,2303
N,1147,5,3,10
55007,5,2
98013,5,5
85715,5,3
16087,5,8
89537,5,3
72421,5,2
8003,5,9
68837,5,6
73381,5,2
65151,6,4
N,2947,5,4,16
32226,5,1
99431,5,7
84364,5,7
20711,5,6
79566,5,3
64998,5,5
69283,5,7
30395,5,2
89383,5,10
97985,5,1
69330,5,9
88587,5,6
86593,5,8
47767,5,5
20083,5,5
6983,5,9
N,1250,5,3,14
54943,5,2
6214,5,4
30229,5,5
5411,5,1
20055,5,10
5695,5,7
80445,5,8
60043,5,1
41141,5,5
13501,5,5
65219,5,2
1831,5,5
47334,5,6
6142,5,4
N,2307,5,4,16
65251,5,5
12759,5,7
64037,5,9
60897,5,8
10534,5,10
35542,5,5
13222,5,5
12950,5,9
65237,5,8
80495,5,9
57021,5,5
98001,5,8
98021,5,1
6022,5,4
40535,5,8
9524,5,1
N,1250,5,3,19
64211,5,5
57054,5,3
81511,5,2
5173,5,9
29921,5,5
19939,5,1
5830,5,5
88739,5,9
72102,5,5
86472,5,4
18029,5,7
80567,5,5
64167,5,10
97955,5,3
76765,5,4
77542,5,6
14054,5,3
39622,5,8
55713,5,7
N,1267,5,4,8
57055,5,5
65222,5,1
46555,5,3
40639,5,5
62902,5,4
48547,5,9
84575,5,8
15437,5,6
N,799,5,3,12
11943,5,10
81508,5,5
89444,5,5
64229,5,3
97501,5,3
56418,5,3
3829,5,5
24294,5,4
97751,5,10
20197,5,1
79590,5,6
79574,5,4
N,1283,5,3,14
24423,5,3
13287,5,10
40675,5,6
63143,5,1
56519,5,10
81094,5,5
58087,5,1
40390,5,1
23267,5,9
56969,5,10
32413,5,6
47999,5,4
78257,5,6
48675,5,6
