D,1,7
N,1123,1,4,18
65191,1,5
60451,1,6
65255,1,6
40666,1,5
4093,1,9
42439,1,5
89319,1,4
18,1,7
97221,1,6
7740,1,5
52607,1,10
2111,1,4
13463,1,10
52931,1,5
95960,1,5
72387,1,9
45159,1,8
96991,1,9
N,281,1,3,19
35955,1,1
40407,1,5
15683,1,3
52254,1,1
98023,1,10
22239,1,1
15939,1,2
30943,1,5
31139,1,5
97507,1,10
86622,1,3
81623,1,1
31703,7,10
38983,1,1
42879,1,7
48871,1,4
60771,1,7
2047,1,6
25281,1,10
N,771,1,3,16
78818,1,9
55973,1,8
82135,1,7
81375,1,4
72422,1,7
65252,1,3
38303,1,10
24259,1,2
98510,1,7
64911,1,7
9631,1,8
23391,1,9
78566,1,10
85735,1,2
95902,1,10
13923,1,1
N,42,1,3,7
79559,1,7
69323,1,3
14950,1,10
50783,1,3
46527,1,9
36583,1,4
40599,1,9
N,823,1,5,16
51571,1,10
98023,1,9
327,1,1
22235,1,2
28258,1,4
96326,1,8
88675,1,2
96998,1,2
97927,1,7
73106,1,5
15846,1,7
5183,1,4
57039,1,9
73447,1,9
87703,1,4
19687,1,8
N,746,1,5,6
67301,1,10
56271,1,4
32167,1,7
48375,1,10
73376,1,10
65223,1,8
N,1199,1,4,8
28391,1,1
39054,1,6
44706,1,10
4134,1,4
87783,1,10
31079,1,6
79555,1,10
89175,1,8
N,2803,1,4,15
15591,1,3
30364,1,7
10118,1,8
65238,1,4
23783,1,6
48091,1,6
55238,1,1
57047,1,9
77531,1,4
45827,1,6
18150,1,4
39638,1,10
92839,1,10
42454,1,7
88793,1,8
N,1283,1,4,5
54979,1,6
62179,1,4
35783,1,4
79451,1,8
68839,1,7
N,1282,1,4,5
613,1,9
72935,1,1
68823,1,5
40607,1,9
53463,1,7
N,1859,1,5,9
18139,1,9
44470,1,9
13827,1,4
15589,1,10
95910,1,4
56663,1,6
56662,1,9
70295,1,3
87747,1,4
N,235,1,5,16
42183,1,1
24103,1,1
48645,1,5
91871,1,7
6167,1,8
22180,1,6
46787,1,3
54983,1,7
38341,1,8
69059,1,9
59111,1,10
65157,1,10
28519,1,9
4037,1,9
61126,1,7
89699,1,6
N,963,1,3,18
36583,1,5
72918,1,7
44373,1,1
56487,1,2
1602,1,8
83418,1,5
30439,1,7
97349,1,6
35546,1,2
48613,1,9
85666,1,10
93219,6,2
45793,1,4
63295,1,3
76519,1,7
26087,1,10
48614,1,8
86239,1,10
D,1,6
P,1,4,1283,3422.74
P,1,4,1262,987.62
P,7,8,1245,4532.13
P,1,5,2115,4924.13
P,1,3,2303,3582.21
P,1,4,2211,497.36
P,1,3,446,1739.43
P,6,7,2265,377.02
P,1,5,1403,3142.37
N,628,1,3,18
39299,1,6
48851,1,9
1851,1,9
82663,1,7
40161,1,7
42727,1,1
62687,1,7
75431,1,9
83173,1,8
73187,1,6
89755,1,8
1479,1,6
21183,1,8
20710,1,5
55013,1,8
63159,1,3
14687,1,8
40453,1,5
N,2811,1,4,8
93894,1,9
11127,1,3
46558,1,1
60540,1,9
98023,1,2
16039,1,4
34369,1,4
15076,1,10
N,2267,1,4,7
52643,1,4
58759,1,7
4030,1,8
45287,1,2
18134,1,4
93415,1,7
40570,1,10
N,2169,1,4,7
65120,1,4
80063,1,10
52943,1,9
72909,1,3
56780,1,4
24294,1,5
15589,1,8
N,2554,1,3,16
11941,1,9
3247,1,6
24271,1,8
32485,1,9
43619,1,9
75111,1,3
63071,1,2
35175,1,7
24285,1,5
72630,1,2
89559,1,6
63119,1,2
15925,1,3
89831,1,2
4031,1,3
73375,1,8
N,2272,1,5,19
79047,1,4
62155,1,8
79875,1,9
4022,1,4
19759,1,3
80469,1,2
40054,1,2
57063,1,3
39517,1,6
32036,1,7
18647,1,2
52836,1,4
30132,1,7
77351,1,8
13505,1,7
80594,1,1
69345,1,9
6183,1,9
38003,1,5
N,2306,1,4,8
64095,1,7
32358,1,8
32151,1,6
48289,1,8
24287,1,8
89621,1,5
68231,1,1
97511,1,3
N,1283,1,4,20
48741,1,2
80983,1,6
64211,1,4
89316,1,8
95810,1,10
48337,1,7
56999,1,7
96709,1,3
93927,1,7
44709,1,2
27237,1,10
80999,1,10
72929,1,4
73445,1,6
78533,1,10
21201,3,5
62629,1,2
64675,1,5
32423,1,4
63883,1,8
N,2810,1,3,15
88999,1,5
64916,1,10
48743,1,4
9879,1,9
14382,1,2
81607,1,7
73445,1,3
35545,1,10
64992,1,7
32475,1,7
40438,1,3
56549,1,2
24293,1,10
3639,1,10
87519,1,10
N,197,1,5,9
93237,1,6
16007,1,2
52173,1,3
16094,1,1
97799,1,4
85729,1,2
71895,1,1
63841,1,10
53701,1,1
N,43,1,5,13
98020,1,4
65222,1,4
75943,1,3
77015,1,10
72895,1,8
99238,1,9
65247,1,2
53479,1,3
18631,1,9
40676,1,6
32036,1,2
37955,1,5
81315,1,3
N,867,1,5,8
72355,1,4
65039,1,9
32387,1,3
72548,1,2
48358,1,9
65219,1,2
21219,1,6
96432,1,9
N,2041,1,3,13
13735,1,8
81495,1,3
95969,1,9
81410,1,4
3634,1,6
60838,1,10
46583,1,7
1599,1,1
55975,1,2
16099,1,8
61095,1,1
22527,1,2
95951,1,5
N,2003,1,5,6
32407,1,7
24227,1,2
1607,1,10
95718,1,6
15052,1,8
48101,1,8
N,1923,1,5,5
55991,1,3
62675,1,3
24294,1,4
52399,1,10
6215,1,9
N,1270,1,3,11
6110,1,2
46695,1,10
19943,1,1
75479,1,6
57026,1,2
58974,1,8
71387,1,2
48614,1,9
57062,1,9
47938,1,6
87271,1,7
N,182,1,5,18
46817,1,5
31955,1,3
38631,1,1
94935,1,3
16807,1,2
47751,1,7
39653,1,7
73431,1,9
48645,1,9
23973,1,9
80515,10,5
22243,1,7
96932,1,4
13539,1,7
16099,1,5
64229,1,3
19687,1,2
81058,1,9
N,331,1,4,9
13891,1,3
53991,1,4
56963,1,10
53847,1,10
71253,1,2
40119,1,7
47781,1,4
12845,1,7
73361,1,9
N,2141,1,5,18
79698,1,6
85990,1,4
47845,1,10
30219,1,7
88398,1,2
40612,1,2
22231,1,1
73319,1,1
64482,1,10
24269,1,1
10947,1,3
5958,1,3
22451,1,5
72927,1,3
15519,1,7
1998,1,7
23493,1,5
94918,1,4
N,1187,1,4,6
63052,1,1
15588,1,4
73443,1,5
52855,1,3
78311,1,8
67479,1,5
N,1923,1,5,5
65255,1,10
40678,1,8
32195,1,2
27653,10,2
81446,1,3
N,1731,1,5,13
19623,1,6
64995,1,5
55671,1,10
15939,1,9
87719,1,9
55728,1,7
5691,1,2
93526,1,1
4097,1,5
13791,1,5
34471,1,10
58599,1,2
79430,1,7
N,331,1,5,5
40675,1,6
81605,9,3
28251,1,6
32455,1,1
23763,1,1
N,1253,1,4,14
73445,1,7
97462,1,1
56887,1,9
68804,1,8
60629,1,1
6199,1,1
4567,1,6
57023,1,3
88223,1,2
97767,1,5
48610,1,9
64935,1,6
24006,1,8
38375,1,7
N,1282,1,3,7
22613,1,6
93494,4,3
32227,1,8
1793,1,9
40422,1,6
48871,1,4
21412,1,1
N,2307,1,3,12
28005,1,5
65190,1,6
29919,1,6
39621,1,9
63,1,9
29615,1,7
4829,1,10
79587,1,4
38503,1,9
77083,1,6
6195,1,7
97895,1,9
N,179,1,4,11
81638,1,8
66756,1,8
24290,1,10
97895,1,6
20188,1,4
87261,1,9
54981,1,1
32486,1,2
73135,1,1
56550,1,7
32410,1,2
N,729,1,3,11
71824,1,10
48837,1,7
65254,1,6
32167,1,10
97445,1,3
75476,1,2
96959,1,10
48709,1,10
23526,1,10
16071,1,9
97886,1,8
N,1143,1,4,10
89830,1,10
70854,1,3
30949,1,2
63079,1,4
1477,1,2
24167,1,4
97926,1,1
44775,1,10
64739,1,9
98023,1,2
N,2031,1,5,5
27879,1,10
50406,1,7
93391,1,9
84242,1,5
81511,1,6
N,1263,1,5,16
28327,1,2
28831,1,3
58723,1,10
91361,1,9
81375,1,9
31974,1,4
30435,6,4
96996,1,3
88751,1,4
89532,1,4
38311,1,2
22813,1,1
87782,1,5
95951,1,1
73331,1,10
11063,1,1
N,2299,1,3,7
15719,1,8
11238,1,1
89543,1,8
69165,1,3
6215,1,8
38626,1,1
57045,1,6
N,2275,1,5,7
72982,1,9
20165,1,5
78564,1,10
73447,1,5
89829,1,4
72419,1,8
54930,1,9
N,1985,1,3,18
89063,1,8
79519,1,1
9734,1,4
96985,1,3
8165,1,6
96919,1,3
6077,1,8
5155,1,5
44503,1,6
73382,1,1
81639,1,5
97255,1,7
95897,1,10
21025,1,5
16095,1,7
40484,1,7
73411,1,9
48678,1,7
N,1715,1,5,6
19687,1,4
6051,1,10
38563,1,7
22229,1,5
81511,1,2
61158,1,5
N,330,1,3,12
63831,1,3
54374,1,2
56039,1,6
85479,1,10
43238,1,8
50329,1,8
93666,1,9
55462,1,4
24231,1,7
4707,1,8
72399,1,10
64155,1,5
N,2227,1,5,12
31967,1,5
8199,1,2
79583,1,3
56461,1,2
32455,1,10
73445,1,4
88774,1,9
77541,1,7
56967,1,7
97347,1,6
65499,1,6
6101,1,9
N,1855,1,5,12
44478,6,1
88115,1,7
10954,1,5
32458,1,4
32482,1,8
48550,1,6
69667,1,10
81299,1,1
57035,1,8
79311,1,4
81311,1,1
5879,1,4
N,2115,1,4,9
81638,1,9
93239,1,1
80871,1,3
15301,1,3
6148,1,9
23718,1,8
48307,1,8
63111,1,5
91750,1,7
N,67,1,4,9
31449,1,9
31815,1,2
19367,1,6
64671,1,9
56902,1,1
24097,1,6
21607,1,8
74951,1,1
6151,1,2
N,281,1,4,7
24035,1,10
22238,1,4
80991,1,2
47111,1,3
81123,1,4
71063,1,4
11462,1,3
N,713,1,3,12
14015,1,5
60503,1,7
86183,1,5
30359,1,5
31579,1,7
87904,1,5
85699,1,5
65190,1,10
4157,1,10
32455,1,1
63687,1,9
7079,1,3
N,2144,1,4,7
21879,1,8
89317,1,8
38631,1,1
53990,1,8
40677,1,5
95447,1,4
30370,1,7
N,963,1,3,15
18119,1,4
32003,1,8
34389,1,2
44701,1,10
40038,1,10
54852,1,8
15189,1,10
95975,1,3
64723,1,3
16031,1,4
16997,1,4
42693,1,1
80807,1,8
24278,1,9
97507,1,7
N,2786,1,3,14
52678,1,9
61139,1,3
23521,1,2
34529,1,4
54719,1,3
15651,1,4
15071,1,10
19975,1,6
23463,1,3
46655,1,8
40514,1,5
20189,1,4
52919,1,8
81223,1,7
N,1207,1,5,14
33959,1,9
87743,1,7
87773,1,1
53926,1,2
32231,1,1
85215,1,9
52710,1,3
16055,1,8
96925,1,3
73446,1,1
48707,1,4
64999,1,9
52963,1,9
88295,1,4
N,321,1,4,8
57047,1,3
48870,1,8
48803,1,7
68262,1,7
64133,1,1
97358,1,10
96866,1,5
11611,1,8
N,755,1,5,7
13303,1,2
16094,1,6
19107,1,6
40599,1,3
71271,1,4
11591,1,8
69029,1,6
N,762,1,4,13
11999,1,2
27879,1,1
65245,1,5
87725,1,5
7170,1,4
81605,1,6
23974,1,7
73027,1,1
89223,1,8
97429,1,9
97887,1,7
52435,1,1
80887,1,3
N,2768,1,4,8
73121,1,2
36577,1,6
44762,1,4
52960,1,1
30419,1,6
97507,1,8
69927,1,1
19643,1,6
N,69,1,3,18
23650,1,9
20763,1,7
56987,1,2
93915,1,7
6215,1,10
65095,1,10
79943,1,4
77415,1,3
48869,1,6
88293,1,9
47799,1,9
50887,1,5
89447,1,3
39367,1,5
50755,1,2
97477,1,10
36575,1,9
69239,1,4
N,2243,1,4,19
89024,1,4
48739,1,9
23655,1,6
89782,1,3
40132,1,8
41422,1,5
6197,1,5
23143,1,8
38118,1,6
32409,1,4
30292,1,10
48103,1,4
77443,1,9
77221,1,8
93921,1,8
46375,1,5
46367,1,7
24231,1,2
69026,1,8
N,2795,1,4,17
63643,1,6
65062,1,5
24236,1,7
91363,1,6
53351,1,10
72583,1,8
36583,1,8
36567,1,6
72868,1,8
6087,1,6
56542,1,9
22759,1,2
64733,1,8
32487,1,8
56578,1,1
31271,1,5
63053,1,9
N,2304,1,3,18
20175,1,5
5126,1,3
30391,1,2
40679,1,7
40149,1,2
40543,1,1
72385,1,4
65252,1,1
38595,1,6
81115,1,8
44759,1,3
81125,1,6
81559,1,9
767,1,9
33482,1,1
60007,1,8
58693,1,10
44630,1,7
N,2011,1,5,9
56543,1,9
38622,1,10
72351,1,6
31942,1,9
16099,1,5
57063,1,3
44631,1,6
32451,1,2
73117,1,1
N,331,1,5,17
51431,1,7
15074,1,9
6175,1,4
98021,1,3
52889,1,4
16095,1,5
72358,1,8
50887,1,2
47943,1,2
65254,1,5
31911,1,5
89669,1,4
81569,1,3
32389,1,2
65251,1,1
94599,1,7
15834,1,9
N,1139,1,3,18
38631,1,1
16097,1,5
40261,1,9
47743,1,10
91493,1,9
40667,1,7
3904,1,6
96963,1,10
32295,1,2
83677,1,10
49846,1,8
10423,1,1
44695,1,6
89174,1,7
53925,1,8
47294,1,2
65255,1,7
89653,1,2
N,219,1,5,19
40407,1,7
48867,1,6
12005,1,7
40299,1,4
65055,1,6
89539,1,5
64995,1,7
97859,1,3
33878,1,3
48663,1,10
40383,1,7
71131,1,6
97507,1,10
89819,1,6
69206,1,4
40245,1,2
89810,1,6
47827,1,6
57031,1,9
N,1047,1,5,18
5974,1,6
55717,1,1
55601,1,4
76391,6,1
36580,1,3
1287,1,6
93823,1,10
6046,1,5
56807,1,3
11479,1,3
19933,1,1
32167,1,5
35175,1,3
95903,1,10
89189,1,2
54471,1,5
6209,1,10
2855,1,7
N,1115,1,5,12
54365,1,6
73315,1,6
52403,1,3
93150,1,8
22589,1,10
7871,1,5
62947,1,5
14022,1,7
4163,1,8
60775,1,7
56742,1,10
13924,1,9
N,1219,1,4,17
85659,1,9
73429,1,6
39623,1,5
68831,1,7
30421,1,2
40063,1,8
40422,1,1
77133,1,4
75491,1,4
52959,1,2
15697,1,5
77125,1,6
65227,1,3
963,1,10
88925,1,3
99525,1,5
94710,1,4
N,1147,1,4,12
35815,1,6
15847,1,5
97446,1,2
65254,1,4
30081,1,7
48864,1,4
47479,1,9
30943,1,8
63686,1,1
64199,1,8
89831,1,5
29315,1,6
N,953,1,4,10
77543,1,7
15334,1,9
69815,1,6
44647,1,6
62655,1,9
5869,1,1
97175,1,4
7619,1,2
89814,1,6
32069,1,9
N,2755,1,4,5
20182,1,4
11870,1,3
93383,1,1
59811,1,5
12899,1,7
N,1859,1,4,10
24189,1,10
60903,1,3
98019,1,3
56855,1,8
64230,1,1
65254,1,10
53863,1,7
70114,1,10
13691,1,3
15911,1,9
N,1089,1,3,19
60575,1,10
77031,1,5
64909,1,3
99583,1,4
14053,1,1
34145,1,10
67813,1,1
44741,1,6
40101,1,2
94557,1,6
30363,1,5
89807,1,10
24263,1,5
69859,2,10
39141,1,6
31837,1,6
38461,1,5
44743,1,4
55012,1,6
N,1039,1,4,20
32483,1,4
40663,1,7
11483,1,3
56678,1,10
56288,1,4
6213,1,4
23775,1,2
10726,1,6
97319,1,1
18565,1,4
72767,1,2
2983,1,7
30373,1,3
79931,1,9
41639,1,10
88801,1,4
20131,1,4
5955,1,2
38535,1,3
51910,1,10
N,1905,1,5,5
81621,1,7
63583,1,6
55783,1,8
22234,1,8
75492,1,5
N,1787,1,3,7
21730,1,8
94943,1,1
12003,1,5
24295,1,8
75430,1,10
78756,1,9
87231,1,6
N,2211,1,4,18
23759,1,2
79519,1,1
47813,1,2
32038,1,4
839,1,3
37799,1,8
79591,1,9
72901,1,7
40133,1,6
23327,1,7
23263,1,6
31967,1,4
19847,1,5
56991,1,3
5951,1,10
5670,1,9
31461,1,8
20145,1,8
N,1025,1,4,18
85724,1,2
18146,1,8
24295,1,1
72871,1,8
55014,1,3
56725,1,9
30359,1,3
50918,1,1
97861,1,10
80245,1,9
15335,1,10
9952,1,2
38374,1,9
52830,1,8
60646,1,3
51431,1,8
81495,1,3
6151,1,6
N,1792,1,4,15
89762,1,7
95333,1,4
89735,1,2
15717,1,4
81638,1,1
71637,1,2
28187,1,5
48774,1,5
32067,1,2
72254,1,5
73354,1,4
5703,1,8
56998,1,3
55639,1,3
26279,1,4
N,706,1,5,18
50823,1,9
79847,1,2
10087,1,1
46787,1,9
20039,1,9
24983,1,2
88343,1,4
93887,1,5
54823,1,10
62434,1,1
31839,1,6
32472,1,4
15462,1,5
44773,1,1
31327,1,4
80317,1,10
6211,1,6
54951,1,5
N,895,1,5,8
88677,1,4
34501,1,1
65255,1,3
39855,1,2
48871,1,1
81605,1,4
44645,1,5
91365,1,10
N,83,1,5,8
97759,1,5
30406,1,1
56869,1,9
89827,1,4
93415,1,8
65231,1,7
5307,1,10
17631,1,2
N,1795,1,4,17
57026,1,8
50279,1,8
99233,1,1
95703,1,3
6215,1,7
19559,1,4
13894,1,2
60199,1,7
93861,1,3
48871,1,10
9254,1,5
40679,1,7
48199,1,3
30438,1,10
45775,1,6
97445,1,1
31436,1,3
N,1270,1,4,16
97701,1,9
39793,1,6
31719,1,4
28386,1,4
60839,1,3
87613,1,4
22247,1,5
73359,1,1
47783,1,10
92516,1,8
68965,1,7
11295,1,6
93223,1,10
72407,1,3
30390,1,5
32423,1,1
N,2209,1,5,20
65207,1,10
10974,1,6
56467,1,2
13797,1,6
98014,1,5
29887,1,5
38694,1,8
46287,1,3
93892,1,10
32463,1,8
97719,1,10
81604,1,1
15844,1,3
65041,1,1
29399,1,1
21,1,7
5099,1,3
58196,1,5
31463,1,2
79749,1,8
N,1179,1,3,10
39300,1,1
22973,1,2
895,1,1
57061,1,10
93286,1,5
40315,1,5
70311,1,10
81635,1,6
93911,1,9
97975,1,7
D,1,9
I,1,3,31
T
N,1211,1,4,15
39655,1,5
73189,1,5
48357,1,9
36565,1,3
24083,1,2
18646,1,3
39606,1,6
49859,1,1
71783,1,2
57047,1,9
52451,1,2
40166,1,3
14311,1,1
96975,1,4
16058,1,4
P,1,4,1795,2930.65
P,1,3,263,3161.29
P,1,4,1235,1107.23
O,1,5,771
O,1,4,1267
N,1025,1,5,11
31454,1,3
68193,1,6
52705,1,8
58599,1,2
48863,1,1
23232,1,7
53991,1,7
13415,1,9
89567,1,2
4999,1,1
6215,1,8
N,1281,1,3,9
20439,1,3
40541,1,6
97940,1,6
46291,1,9
56515,1,10
83395,1,1
46823,1,7
85479,1,8
15901,1,7
N,1827,1,4,20
46943,1,7
89571,1,8
75742,1,10
92382,1,1
40417,1,4
81575,1,2
14343,1,10
32315,1,9
79505,1,5
45799,1,8
24191,1,1
83335,1,10
65247,1,9
96853,1,1
40135,1,8
30166,1,9
77252,1,8
63911,1,1
4927,1,10
63733,1,2
N,2300,1,5,19
73443,1,5
56991,1,4
57043,1,4
87781,1,5
62931,1,6
75750,1,8
23983,1,6
89511,1,1
46587,1,5
19599,1,1
83554,1,9
10785,1,4
30430,1,1
56798,1,10
89318,1,7
36519,1,1
30949,1,4
56731,1,5
98010,1,3
D,1,1
