O,6,4,187
D,6,4
I,6,5,23
P,6,4,1283,1021.06
P,6,5,1795,2431.52
P,6,5,235,3816.98
P,6,5,229,278.13
P,6,3,2225,1091.49
P,6,4,1235,794.17
P,6,5,2305,2985.39
P,6,3,1985,2820.71
P,6,4,1011,391.46
P,9,9,2259,1313.59
P,6,5,2171,4298.72
P,6,3,74,387.08
P,6,5,875,3141.17
P,6,3,74,4941.78
P,6,5,513,891.03
P,6,3,2259,4804.53
P,6,4,995,4822.9
P,10,8,1777,3110.09
P,10,1,2243,1306.39
P,6,4,1250,548.77
P,6,5,1121,3226.41
P,6,4,1210,303.59
P,6,4,1200,4735.07
P,10,9,2307,4553.51
P,6,5,57,1605.28
P,6,4,1536,1682.52
P,6,4,1281,2547.41
P,6,3,2144,4316.71
P,6,5,2675,139.76
P,6,4,1691,2565.48
P,6,3,1089,1576.02
P,6,5,727,1465.0
P,6,3,2259,44.38
P,6,4,9,4868.21
P,6,5,1283,2446.91
P,4,7,1059,1049.89
P,6,3,768,258.61
P,6,4,2304,1145.93
P,6,5,483,3680.53
P,6,5,1251,2068.61
P,6,5,818,632.03
P,9,6,1244,3191.81
P,10,7,467,1697.29
P,6,4,2307,2214.03
P,6,5,2129,901.45
P,6,4,851,186.07
P,6,4,1279,1734.46
P,6,5,1211,1252.68
P,6,4,2941,3386.95
P,6,4,2302,2380.96
P,6,5,123,370.03
P,6,4,2305,1469.01
P,6,4,2302,1044.47
P,6,5,2099,809.76
P,6,4,1265,1646.97
P,6,5,1282,2294.67
P,2,5,1270,2747.64
P,6,5,767,1348.14
P,6,4,227,1273.13
P,6,3,2207,3439.89
P,4,3,203,1142.88
P,6,3,1018,755.86
P,1,10,1119,4941.2
P,4,9,1139,2191.22
P,3,1,637,2822.1
P,6,3,2162,2540.94
P,6,3,2220,4982.68
P,6,3,2883,86.81
P,6,5,711,1022.86
P,6,5,1027,256.99
P,9,5,2811,2035.85
P,6,3,553,3292.82
D,6,9
N,314,6,4,6
24279,6,10
55831,6,4
6079,6,2
6119,6,5
79975,6,8
5447,6,1
T
T
P,6,3,2466,1478.42
P,6,5,2051,1306.06
N,1275,6,3,18
48859,6,10
96999,6,8
96415,6,1
11446,6,2
48583,6,8
60358,6,4
91333,6,2
81049,6,5
16094,6,9
88547,6,7
52916,6,10
47057,6,7
81635,6,3
96999,6,5
31815,6,7
40670,6,2
89751,6,8
51905,6,10
N,1535,6,3,18
61799,6,4
24276,6,6
11734,6,5
40644,6,4
97763,6,2
6030,6,10
64223,6,5
72597,6,4
71307,6,3
88545,6,4
11777,6,9
30294,6,3
49413,6,8
48823,6,2
36247,6,6
5127,6,2
27527,6,5
81629,6,8
N,2175,6,4,18
26205,6,6
41975,6,10
89243,6,8
16981,6,7
85215,6,5
64983,6,5
90823,6,10
31171,6,2
23747,6,6
31434,6,8
16095,6,3
5675,6,4
71136,6,6
57022,6,1
15975,6,3
22735,6,9
38111,6,5
65087,6,10
N,1911,6,3,7
39207,6,2
967,6,8
12507,6,10
65255,6,6
97351,6,6
24131,6,5
64735,6,9
N,2275,6,3,15
31815,6,9
11539,6,10
2086,6,6
14039,6,2
38631,6,10
97959,6,7
97862,6,7
65223,6,2
72127,6,2
56964,6,5
79539,6,7
5925,6,1
48743,6,6
963,6,3
85431,6,8
N,1785,6,4,11
11991,6,1
15975,6,10
60133,6,10
40267,6,5
21910,6,5
52967,6,9
10405,6,7
72374,6,6
48279,6,6
31462,6,9
19606,6,8
N,1963,6,5,7
52927,6,7
52933,6,8
12967,6,5
55015,6,8
22111,6,6
61022,6,9
96990,6,8
N,695,6,3,14
36303,6,9
38503,6,6
16023,6,6
69863,6,8
53219,6,5
86113,6,4
32423,6,1
24091,6,4
38467,6,10
96869,6,10
84806,6,6
85350,6,9
18126,6,10
1081,6,3
N,1283,6,4,20
97959,6,9
60339,6,9
64231,6,2
6195,6,6
42175,6,4
13671,6,10
84711,6,3
72853,6,4
37190,6,9
31263,6,2
10558,6,1
79199,6,5
71387,6,7
81381,6,10
21603,6,3
44359,6,2
39491,6,9
37475,6,10
88799,6,10
69331,6,5
N,515,6,4,6
40394,6,10
24275,6,4
89831,6,5
39643,6,1
65103,6,10
72231,6,6
N,579,6,5,15
3053,6,4
44645,6,8
29927,6,7
81027,6,2
88293,6,5
81575,6,5
5959,6,1
40391,6,4
605,6,9
60901,6,3
60351,6,9
21539,6,7
36582,6,4
24231,6,6
59046,6,4
N,451,6,3,6
54670,6,10
6167,6,2
40663,6,2
89767,6,1
64487,6,5
17863,6,9
N,1466,6,4,18
16084,6,2
89765,6,1
44647,6,8
39543,6,10
93794,6,3
31455,6,2
52939,6,6
23411,6,8
71140,6,5
95967,6,1
81638,6,4
47395,6,1
81575,6,8
24223,6,6
14949,6,2
89315,6,3
68279,6,9
1983,6,4
N,221,6,5,12
32276,6,2
71651,6,2
68246,6,7
8143,6,4
64739,6,10
39647,6,3
63975,6,4
7951,6,5
84583,6,8
18044,6,8
52959,6,8
89319,6,2
N,2307,6,3,18
6187,6,9
21175,6,1
31287,6,7
46466,6,5
32391,6,10
56887,6,1
78389,6,10
57,6,6
30308,6,4
43717,6,2
93910,6,4
56806,6,1
31453,6,10
23063,6,9
72571,6,8
81086,6,3
81623,6,10
13891,6,2
N,2302,6,4,6
56759,6,3
73447,6,5
77411,6,4
2965,6,3
80595,6,4
51427,6,1
N,1751,6,5,6
37095,6,9
23779,6,5
40471,6,7
12870,6,2
92983,6,9
98001,6,7
N,1179,6,5,11
46822,6,8
13924,6,2
65119,6,4
64735,6,7
54934,6,2
98023,6,2
97767,6,10
66532,6,7
30830,6,2
34521,6,10
1479,6,3
N,1187,6,3,5
23711,6,4
54725,6,4
15831,6,6
96861,6,1
40565,6,4
N,2243,6,4,13
70884,6,8
47331,6,6
39639,6,9
11222,6,4
47270,6,1
6082,6,3
16855,6,3
57031,6,8
22453,6,1
5143,6,2
23462,6,6
21091,6,8
46791,6,8
N,449,6,5,14
62132,6,9
56732,6,10
56669,6,1
80101,6,6
61105,6,8
19043,6,2
28387,6,7
76007,6,7
36323,10,9
77351,6,7
23655,6,3
88582,6,2
57031,6,6
56518,6,6
N,2243,6,5,7
24199,6,3
88165,6,7
19605,6,8
97891,6,7
81506,6,2
61137,6,8
79458,6,5
N,1283,6,5,8
91747,6,3
85411,6,3
95207,6,3
73407,6,5
56673,6,2
26983,6,5
64982,6,9
56022,6,1
N,323,6,3,13
42522,6,9
32229,6,1
71141,6,3
79077,6,7
23267,6,3
81629,6,3
4164,6,10
89831,6,6
42341,6,1
60611,6,5
2630,6,4
37479,6,2
23269,6,3
N,1010,6,4,5
26828,6,3
89023,6,8
6119,6,10
39134,6,6
73447,6,2
N,2234,6,4,11
24054,6,2
41687,6,4
80231,6,8
26341,6,1
87460,6,3
73167,6,2
47781,6,2
37415,6,5
13923,6,10
47715,6,9
6192,6,3
N,833,6,4,20
3903,6,7
48863,6,7
16089,6,9
89383,6,8
69158,6,2
26783,6,1
75479,6,7
73183,6,7
71654,6,5
55930,6,1
19687,6,10
93775,6,5
55003,6,3
77382,6,5
89601,6,2
10787,6,8
89667,6,8
32278,6,4
72359,6,7
4133,6,1
N,2225,6,5,17
37071,6,6
96351,6,4
56032,6,5
32419,6,10
39271,6,3
6087,6,8
88730,6,2
13895,6,4
60398,6,3
15179,6,7
30431,6,3
74949,6,4
87774,6,2
58983,6,4
16001,6,7
15268,6,10
54367,6,9
N,2231,6,4,10
5558,6,7
54423,6,4
5950,6,7
80835,6,1
27863,6,10
71295,6,10
89827,6,4
3647,6,5
40673,6,7
8263,6,5
N,2284,6,5,16
56997,6,9
40366,6,8
21967,6,5
95479,6,2
23231,6,9
84455,6,6
23779,6,4
17126,6,9
73415,6,3
81629,6,7
16101,6,8
22243,6,1
30359,6,1
46039,6,4
4416,6,7
84197,6,8
N,2207,6,5,14
63645,6,5
32227,6,6
73086,6,4
2021,6,10
97989,6,1
78311,6,10
5164,6,2
30295,6,6
46627,6,5
53862,6,10
19175,6,4
73311,6,6
74667,6,9
15509,6,3
N,1144,6,3,12
54726,6,1
36453,6,1
51660,6,6
18647,6,7
70311,6,6
91302,6,8
57055,6,3
92775,6,6
52710,6,2
81191,6,4
10291,6,6
31954,6,6
N,2779,6,4,7
65239,6,4
50871,6,2
5818,6,1
89671,6,6
15587,6,7
28319,6,2
97328,6,10
N,515,6,5,14
32079,6,1
64706,6,8
81031,6,1
63207,6,10
77207,6,6
20199,6,2
14055,6,8
38629,6,9
77286,6,9
87773,6,5
99143,6,3
39397,6,2
4135,6,6
73113,6,1
N,67,6,5,13
56983,6,8
38592,6,5
12902,6,1
48783,6,3
40407,6,10
24005,6,1
70887,6,6
6151,6,6
69319,6,7
71911,6,1
72103,6,5
10309,6,10
77009,6,2
N,2299,6,3,8
26327,6,8
76986,6,6
60887,6,7
79590,6,9
81061,6,5
76370,6,7
93664,6,9
22115,6,5
N,2689,6,5,20
68759,6,10
15192,6,5
56982,6,8
98023,6,1
44770,6,8
76263,6,6
89541,6,1
5831,6,5
32322,6,5
48085,6,1
65219,6,4
49635,6,2
40421,6,9
10631,6,7
69351,6,10
80535,6,8
46743,6,9
13989,6,2
32797,6,6
45607,6,2
N,975,6,5,7
67301,6,5
46790,6,9
64999,6,6
97693,6,8
56263,6,6
58535,6,9
96997,6,10
N,2207,6,4,8
97335,6,2
1987,6,6
31325,6,1
24293,6,10
40359,6,8
72630,6,10
44414,6,4
48287,6,6
N,67,6,3,5
24225,6,4
36575,6,1
85220,6,2
13375,6,9
89155,6,4
N,2299,6,3,8
23969,6,10
43573,6,3
48711,6,6
9315,6,9
61153,6,3
32199,6,2
32476,6,5
40671,6,6
N,1027,6,3,15
97428,6,6
95445,6,8
2049,6,10
33383,6,7
89575,6,9
24158,6,5
48743,6,5
73319,6,5
72857,6,10
85607,6,6
38630,6,3
71269,6,8
24020,6,5
48719,6,5
6005,6,3
N,1164,6,4,14
16023,6,2
6147,6,4
23717,6,4
40257,6,5
63397,6,4
9663,6,5
11319,6,10
31891,6,1
97854,6,5
89735,6,6
24294,6,3
50023,6,3
73446,6,10
50823,6,7
N,1187,6,5,9
29414,6,1
5574,6,3
24165,6,7
13798,6,3
16063,6,2
62911,6,4
44261,6,8
73443,6,4
65242,6,10
N,303,6,3,19
88542,6,6
64215,6,1
47254,6,3
21911,6,9
50779,6,5
92839,6,2
97254,6,4
39142,6,7
97767,6,8
89353,6,9
58077,6,5
19986,6,1
1267,6,8
56487,6,8
81631,6,9
13526,6,8
14086,6,1
71687,6,6
11911,6,2
N,2808,6,4,17
72919,6,6
38339,6,7
32285,6,3
65030,6,10
10821,6,8
6071,6,1
81313,6,7
15775,6,9
23005,6,4
60615,6,1
73446,6,2
45775,6,7
50791,6,9
54993,6,10
40487,6,2
28725,6,5
15335,6,9
N,1171,6,5,15
81509,6,5
48603,6,1
24263,6,6
31939,6,4
79911,6,2
56933,6,4
22191,6,9
37447,6,7
77271,6,6
38611,6,4
15462,6,4
20167,6,7
46220,6,5
23719,6,9
93667,6,2
N,1530,6,3,7
88417,6,10
38783,6,5
48583,6,1
97253,6,9
87635,6,2
4143,6,5
89757,6,6
N,1283,6,5,13
29060,6,10
32455,6,1
81497,6,10
97925,6,1
89637,6,2
3142,6,4
13989,6,7
64930,6,1
6143,6,7
6215,6,5
77517,6,9
20071,6,3
20107,6,9
N,2243,6,5,9
6059,6,3
24263,6,4
14743,6,4
89254,6,3
16087,6,2
11445,6,9
40093,6,2
65247,6,3
7719,6,6
N,478,6,3,20
40549,6,2
15583,6,1
54743,6,9
13662,6,4
23013,6,4
9446,6,4
10951,6,5
21703,6,6
6042,6,2
89055,6,7
98005,6,2
31907,6,8
56923,6,7
46503,6,8
86829,6,7
71237,2,6
12166,6,7
93638,6,7
63207,6,1
15975,6,4
N,245,6,4,8
15975,6,1
47783,6,5
97947,6,8
77397,6,7
56039,6,2
15737,6,4
14965,6,7
16034,6,6
N,288,6,5,9
95955,6,7
72422,6,1
90823,6,1
40604,6,10
48859,6,9
11615,6,9
5187,6,3
32481,6,10
54999,6,10
N,2243,6,3,20
10343,6,3
24215,6,10
54999,6,8
93839,6,9
72417,6,3
48615,6,8
8935,6,1
39143,6,9
23207,6,1
79335,6,9
4038,6,10
28181,6,2
839,6,5
84453,6,8
55995,6,8
24285,6,9
89791,6,1
48867,6,10
65118,6,7
73190,6,1
N,1205,6,5,7
28957,6,3
24291,6,8
71839,6,10
21701,6,8
81635,6,9
6015,6,6
81894,6,7
N,1739,6,3,11
14438,6,7
97883,6,2
19607,6,3
70886,6,6
1062,6,7
3140,6,6
32486,6,8
69339,6,9
65212,6,8
20135,6,4
20085,6,3
N,833,6,3,6
60132,6,6
60835,6,9
19635,6,7
89809,6,8
89222,6,5
44727,6,6
N,2250,6,3,9
65255,6,1
56031,6,3
60881,6,9
39911,6,7
64709,6,3
5191,6,7
89795,6,4
39838,6,5
96727,6,1
N,2275,6,4,7
72934,6,1
80071,6,1
40548,6,9
61158,6,9
60235,6,6
27857,6,10
22871,6,4
N,2179,6,5,9
23523,6,3
93380,6,8
47815,6,2
28338,6,8
32359,6,9
26966,6,1
89655,6,8
15271,6,9
57023,6,10
N,2224,6,4,6
89759,6,10
72111,6,8
2582,6,3
11247,6,8
31455,2,2
84597,6,4
N,1218,6,4,8
54949,6,10
60962,6,3
80959,6,1
4922,6,10
87489,6,4
13004,6,10
12007,6,6
73321,6,9
N,1271,6,3,11
81242,6,8
24163,6,7
4727,6,2
66963,6,4
13494,6,4
85703,6,6
14055,6,4
97931,6,5
37093,6,5
46743,6,8
40487,6,5
N,1923,6,5,12
31463,6,4
32445,6,4
64741,6,10
6119,6,10
98023,6,10
71397,9,7
46439,6,1
48546,6,6
47206,6,8
5817,6,5
65223,6,6
97991,6,6
N,2431,6,4,8
41587,6,9
9747,6,5
72935,6,9
39623,6,4
48455,6,2
61158,6,4
11109,6,10
15999,6,3
N,200,6,5,9
32469,6,10
7431,6,2
54732,6,2
70197,6,5
27907,6,2
64327,6,5
89315,6,6
64723,6,2
97959,6,5
N,26,6,3,10
30439,6,7
82389,6,3
6207,6,8
35418,6,7
54627,6,9
20126,6,4
21082,6,5
31442,6,9
14043,6,10
28107,6,3
N,2771,6,4,12
60135,6,7
65254,6,2
40676,6,3
40473,6,6
15076,6,7
42559,6,3
18150,6,1
72900,6,1
77150,6,8
81495,6,4
4991,6,5
3173,6,3
N,1264,6,5,20
60767,6,10
31325,6,1
65252,6,4
93927,6,2
32151,6,5
32358,6,1
52647,6,8
22107,6,7
70848,6,4
60897,6,3
6095,6,4
10306,6,3
32262,6,10
89814,6,4
8247,6,5
79495,6,8
56155,6,3
68837,6,9
67268,6,3
14727,6,5
N,1275,6,4,16
16071,6,1
16091,6,9
94847,6,1
21589,6,8
98023,6,2
93349,6,6
31461,6,10
32485,6,4
56518,6,6
99941,6,7
89758,6,3
80594,6,5
63909,6,6
6213,6,7
32282,6,1
65027,6,10
N,2266,6,4,18
52303,6,1
25686,6,1
83493,6,6
32422,6,10
89762,6,2
77523,6,2
92557,6,1
55775,6,4
23141,6,7
73444,6,9
97894,6,4
23647,6,3
3710,6,3
80087,6,7
89790,6,6
88735,6,1
81030,6,7
67047,6,2
N,1282,6,4,5
95370,6,1
47975,6,7
47207,6,6
2101,6,5
73287,6,1
N,747,6,3,9
58582,6,1
74471,6,10
48535,6,9
1607,6,10
15591,6,2
93607,6,1
64191,6,1
44695,6,8
12899,6,1
N,2817,6,4,9
89279,6,3
47847,6,3
24039,6,6
89533,6,5
17959,6,6
17511,6,5
4135,6,6
89295,6,5
72789,6,9
N,1027,6,4,14
55011,6,2
23222,6,10
69325,6,8
40159,6,3
62106,6,2
43750,6,10
9959,6,2
32090,6,3
32231,6,10
89055,6,4
16063,6,2
22691,6,2
16023,6,8
81511,6,3
N,195,6,3,5
77814,6,1
84695,6,7
13989,6,6
89063,6,4
19173,6,4
N,507,6,5,15
40677,6,4
88801,6,5
13733,6,4
38341,6,4
55013,6,5
56000,6,6
96071,6,1
97203,6,6
65190,6,7
73447,6,6
60615,6,5
30304,6,3
45015,6,6
73418,6,3
63205,6,10
N,1218,6,5,11
18055,6,8
76451,6,10
32486,6,2
82975,6,8
4147,6,4
89615,6,3
81123,6,10
32389,6,4
70853,6,5
22742,6,3
97467,6,4
N,331,6,4,14
63585,6,1
79582,6,7
72989,6,2
63703,6,2
73423,6,8
36555,6,1
54811,6,10
26341,6,5
23719,6,9
16023,6,6
88791,6,6
89575,6,5
63383,6,8
65255,6,9
N,2239,6,4,13
69334,6,10
15014,6,3
91813,6,6
16079,6,10
16094,6,8
40679,6,4
15007,6,3
24101,6,5
56987,6,3
16101,6,6
12391,6,5
6215,6,1
56807,6,3
N,2051,6,3,5
14019,6,7
3735,6,6
22167,6,8
61013,6,3
40591,6,2
N,994,6,5,17
81484,6,1
55905,6,5
5575,6,1
80868,6,9
15847,6,5
19173,6,2
98005,6,2
12963,6,4
55015,6,8
36067,6,7
70339,6,10
6166,6,8
65183,6,7
21709,6,7
28199,6,1
96931,6,6
72676,6,3
N,607,6,3,5
61159,6,2
70567,6,3
48598,6,1
31332,6,7
15846,6,10
N,1852,6,3,16
5175,6,5
89559,6,6
66279,6,6
70823,6,8
97363,6,4
89446,6,7
89554,6,10
31322,6,4
1919,6,10
76950,6,5
22375,6,5
9435,6,8
23619,6,2
46285,6,5
93603,6,3
89190,6,2
N,199,6,4,7
27366,6,5
89783,6,7
24163,6,7
19940,6,10
71329,6,7
71390,6,2
23527,6,10
N,1615,6,3,6
97895,6,9
46679,6,5
95463,6,9
48726,6,2
86619,6,1
52947,6,10
N,2243,6,5,15
78135,6,6
36559,6,3
10383,6,3
79079,6,5
45607,6,4
95967,6,9
96548,6,8
50391,6,4
64669,6,3
14514,6,1
56979,6,10
31975,6,7
11971,6,10
14028,6,10
48223,6,5
N,1793,6,4,19
22755,6,4
97895,6,8
11463,6,1
76751,9,4
60134,6,10
88775,6,7
56033,6,3
67971,6,10
15335,6,5
97445,6,1
14047,6,2
19079,6,3
65187,6,7
46567,6,5
24278,6,3
2997,6,1
775,6,1
29006,6,9
14402,6,9
N,1243,6,3,6
77503,6,7
54607,6,7
31448,6,2
56912,6,3
55643,6,5
5889,6,4
N,2179,6,4,9
80837,6,8
78467,6,10
39111,6,9
4159,6,4
51297,6,6
32487,6,6
31110,6,4
80547,6,9
6183,6,3
N,1211,6,4,10
27591,6,8
73061,6,3
89415,6,6
4933,6,10
18909,6,3
97740,6,9
89793,6,3
95166,6,5
24290,6,7
50853,6,8
N,1275,6,3,11
31835,6,4
21598,6,10
36384,6,8
72151,6,6
37407,6,3
54846,6,4
42165,6,1
45505,6,1
80609,6,2
97479,6,10
4963,6,10
N,2817,6,4,19
24238,6,1
85727,6,9
55399,6,2
23269,6,1
23909,6,5
62790,6,3
97761,6,2
95975,6,7
20454,6,7
97767,6,5
40551,6,3
54459,6,9
97694,6,4
61548,6,9
36311,6,2
73422,6,2
16098,6,5
72919,6,7
71265,6,2
N,895,6,3,20
95975,6,2
89690,6,10
62063,6,5
93651,6,6
25302,6,10
40663,6,2
32421,6,8
5127,6,5
65092,6,2
93415,6,6
15526,6,6
38055,6,7
3075,6,10
68255,6,7
48734,6,8
48263,6,2
24295,6,10
57061,6,4
32231,6,1
48818,6,7
N,1279,6,3,8
78422,6,2
22574,6,8
12007,6,5
6206,6,2
46791,6,2
22049,6,8
38373,6,3
87783,6,1
N,1919,6,5,20
22965,6,2
32487,6,5
60559,6,8
57047,6,9
15567,6,8
5188,6,5
30438,6,10
68759,6,3
32191,6,9
88609,6,10
48292,6,8
10663,6,4
32471,6,1
62807,6,1
38625,6,1
14406,6,1
38115,6,10
52583,6,4
55655,6,8
22855,6,6
N,2051,6,3,19
4995,6,6
11975,6,5
65205,6,1
95975,6,8
80443,6,1
40406,6,2
85219,6,10
73182,6,3
87266,6,7
4133,6,8
5046,6,8
96991,6,10
68917,6,6
32322,6,5
60039,6,9
95973,6,4
40133,6,4
96479,6,3
73443,6,3
N,961,6,4,19
28215,6,6
39639,6,6
13277,6,4
97477,6,7
13255,6,8
21465,6,8
14051,6,4
55527,6,7
89366,6,1
23781,6,9
80293,6,6
39379,6,1
14230,6,3
98020,6,3
32278,6,4
28390,6,9
15203,6,3
16101,6,9
32435,6,7
N,1795,6,4,11
30343,6,7
91718,6,2
12647,6,8
6215,6,7
46813,6,3
48853,6,2
88532,6,4
11399,6,9
88766,2,7
41428,6,9
33943,6,3
N,2267,6,5,19
16100,6,2
22467,6,6
57019,6,6
93876,6,1
6140,6,5
49881,6,1
28247,6,10
62175,6,1
89831,6,3
85566,6,5
43751,6,8
15975,6,1
24295,6,1
87267,6,3
78438,6,8
89607,6,3
28245,6,5
63971,6,3
8775,6,7
N,319,6,5,14
39860,6,1
32439,6,5
2103,6,2
96741,6,4
89703,6,8
47783,6,8
32487,6,5
46567,6,5
14535,6,3
21989,6,1
19028,6,2
73441,6,5
73429,6,10
48408,6,2
N,2307,6,5,20
97593,6,9
14823,6,2
87263,6,4
95939,6,5
32825,6,1
28261,6,2
56034,6,6
64991,6,8
71379,6,9
88453,6,8
14646,6,6
69351,6,10
65247,6,4
51815,6,8
5865,6,1
54747,6,6
57060,6,1
28361,6,6
32198,6,7
14819,6,8
N,299,6,3,20
56790,6,2
73061,6,2
40678,6,10
20365,6,10
9283,6,8
21918,6,3
81383,6,3
5855,6,4
24261,6,7
6167,6,4
58596,6,3
32355,6,7
77280,6,6
72167,6,10
74963,6,4
20199,6,6
24160,6,8
73425,6,8
14819,6,9
23959,6,10
N,2291,6,4,10
97731,6,5
23519,6,5
22246,6,6
12003,6,1
47191,6,10
29125,6,3
63843,6,2
15583,6,1
71071,6,6
48486,6,10
N,2304,6,5,7
87159,6,2
64800,6,3
77735,6,3
73310,6,2
56758,6,9
16070,6,10
83618,6,5
N,2323,6,5,10
61125,6,6
12359,6,10
56551,6,3
48223,6,2
63199,6,5
47680,6,1
48359,6,4
81633,6,6
55471,6,6
22207,6,8
N,895,6,3,6
16697,6,1
73359,6,9
17635,6,3
40145,6,4
6206,6,2
22206,6,7
N,2019,6,4,11
80083,6,8
22946,6,7
40419,6,5
31458,6,9
11927,6,1
32357,6,8
89189,6,5
97231,6,9
49383,6,8
24142,6,8
61025,6,1
N,1151,6,5,5
15059,6,7
48862,6,3
32292,6,10
56678,6,4
61159,5,5
N,1755,6,3,8
48861,6,3
53975,6,1
31718,6,7
24146,6,7
78566,6,7
30126,6,4
73189,6,4
36967,6,5
N,2811,6,3,7
48327,6,2
89316,6,10
56794,6,4
56037,6,5
68133,6,2
96687,6,3
11997,6,3
N,1915,6,3,6
32341,6,8
31411,6,4
47836,6,7
15559,6,7
81382,6,9
30431,6,1
N,2047,6,5,19
30172,6,5
80093,6,2
42631,6,10
47814,6,10
63193,6,10
41949,6,2
81383,6,9
47845,6,10
3973,6,4
85731,6,1
32359,6,4
73307,6,6
80606,6,5
87266,6,3
72095,6,4
46759,6,8
24295,6,3
35935,6,1
2010,6,9
N,1145,6,5,14
20175,6,3
26051,6,1
8255,6,5
7711,6,4
70855,6,4
71755,6,3
60407,6,5
80103,6,9
96707,6,6
39623,6,1
8791,6,8
58263,6,10
48615,6,9
55955,6,10
N,73,6,4,12
36415,6,2
16103,6,7
81487,6,8
5182,6,6
39327,6,6
68317,6,9
40538,6,10
72256,6,10
94949,6,8
22031,6,3
4038,6,10
40074,6,9
N,1999,6,3,9
84449,6,8
48294,6,9
80606,6,5
64230,6,4
73443,6,9
12358,6,7
97844,6,1
5175,6,7
85595,6,9
N,1015,6,4,11
69183,6,9
81375,6,5
45411,6,7
31395,6,4
60637,2,2
48817,6,10
52199,6,1
32480,6,10
48663,6,1
89829,6,4
23739,6,8
N,315,6,3,13
65218,6,10
54691,6,7
14502,6,5
55513,6,2
80855,6,2
22997,6,1
40605,6,1
45269,6,10
55774,6,4
65255,6,1
88287,6,3
24259,6,9
77303,6,3
N,1791,6,5,17
23255,6,6
40535,6,4
63558,6,6
89703,6,4
41927,6,7
13894,6,9
48551,6,6
32340,6,10
89831,6,2
4167,6,1
32487,6,7
72929,6,10
62694,6,1
62951,6,5
87753,6,4
72415,6,8
80539,6,10
N,199,6,4,14
93927,6,4
80583,6,10
64227,6,6
48043,6,2
48614,6,6
24187,6,2
81419,6,3
30282,6,1
56873,6,2
56678,6,4
48298,6,8
44118,6,9
27747,6,7
57055,6,3
N,67,6,4,7
69206,6,10
69199,6,5
3782,6,4
97881,6,5
9021,6,6
28319,6,1
55719,6,7
N,1562,6,4,12
30951,6,2
73289,6,2
32422,6,2
81031,6,8
47843,6,6
51942,6,8
15911,6,1
40421,6,10
14046,6,3
97989,6,6
89319,6,4
64997,6,7
N,2880,6,4,15
95651,6,6
39589,6,6
46742,6,10
64789,6,1
81371,6,6
11513,6,5
89823,6,3
48342,6,3
65159,6,10
3911,6,5
93401,6,1
39973,6,4
5911,6,5
48742,6,2
64949,6,10
N,323,6,3,13
55484,6,7
80093,6,10
60630,6,1
56674,6,8
65225,6,3
63966,6,7
6199,6,6
67203,6,5
13023,6,2
31845,6,8
44323,6,2
72909,6,5
60527,6,4
N,2291,6,4,15
52323,6,6
93855,6,6
52965,6,10
6105,6,3
57030,6,9
38503,6,3
14023,6,2
10598,6,7
91703,6,6
97767,6,9
65239,6,5
89803,6,5
89766,6,10
81509,6,8
16062,6,7
N,1281,6,4,18
97894,6,8
44775,6,5
94359,6,7
65102,6,5
40479,6,2
99798,6,7
73401,6,6
5565,1,6
23213,6,9
80590,6,1
5061,6,4
73438,6,4
88806,6,3
40487,6,8
98983,6,10
3349,6,7
48807,6,8
48614,6,9
N,2802,6,4,20
24156,6,5
32340,6,2
3271,6,6
69089,6,4
64230,6,1
43990,6,2
4151,6,6
88550,6,8
5887,6,8
23239,6,9
71102,6,6
31550,6,10
68743,6,8
79943,6,8
73174,6,9
1031,6,3
73255,6,2
61639,6,3
89791,6,1
4163,6,8
N,1978,6,5,12
14551,6,2
16102,6,8
56119,6,9
65191,6,7
73307,6,5
97365,6,7
16085,6,3
56229,6,9
64823,6,9
24271,6,5
63078,6,4
5679,6,3
N,1027,6,4,12
97766,6,10
20199,6,1
11463,6,10
13939,6,5
22247,6,8
57055,6,9
32461,6,6
16029,6,6
30950,6,1
63175,6,1
24187,6,2
57019,6,5
N,1283,6,5,15
5378,6,4
40294,6,1
21507,6,1
80082,6,1
50695,6,9
45751,6,6
56999,6,5
60995,6,3
5543,6,9
64165,6,7
36582,5,6
70118,6,3
57063,6,9
46789,6,9
22247,6,6
N,135,6,3,18
31399,6,10
81239,6,10
70877,6,5
85913,6,4
76513,6,9
98022,6,3
73398,6,3
88291,6,4
55975,6,3
60135,6,1
31909,6,7
5643,6,4
64572,6,5
23636,6,8
14015,6,6
31869,6,10
16053,6,2
89795,6,3
N,314,6,5,16
29991,6,6
4035,6,1
13758,6,1
72359,6,3
24207,6,6
73447,6,2
22950,6,2
57063,6,6
64735,6,5
52950,6,3
50723,6,4
95934,6,8
48471,6,2
48533,6,10
13218,6,4
19671,6,2
N,2161,6,4,19
93761,6,8
6195,6,4
80355,6,5
2630,6,5
52199,6,8
22181,6,6
2089,6,6
16023,6,3
23909,6,10
97511,6,10
21223,6,4
40677,6,1
43071,6,7
71835,6,4
16011,6,5
48351,6,9
40678,6,7
13703,6,4
28335,6,2
N,323,6,5,14
57063,6,7
14054,6,2
65246,6,6
6115,6,7
5865,6,10
48423,6,10
74340,6,6
40103,6,6
48449,6,6
28326,6,2
72914,6,1
97511,6,10
69301,6,6
40163,6,10
N,2817,6,5,19
22886,6,5
64645,6,4
39974,6,8
85487,6,7
84635,6,3
54951,6,1
87511,6,1
44613,6,4
73055,6,8
16095,6,10
63038,10,2
52375,6,3
15843,6,7
56859,6,7
25829,6,5
5051,6,8
6115,6,2
5693,6,4
97941,6,1
N,1251,6,4,6
54979,6,5
15943,6,4
39013,6,2
46759,6,9
52757,6,4
87521,6,8
N,760,6,4,11
73427,6,7
40679,6,4
81618,6,1
93327,6,1
81629,6,1
32479,6,5
42700,6,2
71911,6,1
66983,6,3
6135,6,8
76741,6,7
N,2051,6,4,11
23143,6,5
34471,6,2
40679,6,1
28343,6,5
73447,6,5
37559,6,6
47843,6,9
40654,6,3
71834,6,3
89807,6,3
93383,6,2
N,2289,6,5,17
32468,6,1
59030,6,2
19172,6,2
97947,6,10
33471,6,1
15973,6,7
63203,6,1
63717,6,6
16103,6,3
32020,6,10
56967,6,10
19675,6,2
54439,6,9
71645,6,3
48820,6,8
81575,6,7
23562,6,9
N,2287,6,4,13
5911,6,2
40677,6,3
81619,6,5
86750,6,7
88535,6,2
55671,6,6
53186,6,8
3655,6,1
14567,6,2
25231,6,1
52423,6,3
37515,6,5
47313,6,7
N,326,6,5,17
73277,6,10
48847,6,9
89767,6,5
47397,6,2
24035,6,1
28870,6,2
52902,6,2
94951,6,9
72703,6,2
15815,6,1
81511,6,2
11225,6,4
5047,6,2
22231,6,7
10213,6,3
98021,6,4
56677,6,8
N,642,6,4,5
94415,6,10
89825,6,3
18263,6,2
81446,6,2
9253,6,8
N,1239,6,3,14
21991,6,6
89829,6,3
40679,6,8
93927,6,10
99015,6,1
23783,6,8
91861,6,8
48871,6,2
38111,6,4
66004,6,4
48482,6,10
22114,6,4
4142,6,9
40141,6,1
N,2175,6,5,19
89223,6,6
16099,6,4
13826,6,5
11749,6,1
37606,6,8
55007,6,10
5622,6,3
40102,6,4
6215,6,3
7743,6,1
77511,6,9
47819,6,1
40663,6,2
9311,6,3
6179,6,4
53956,6,9
82595,6,2
38471,6,3
79591,6,7
N,2291,6,4,14
89742,6,3
43729,6,6
31975,6,4
46527,6,5
97975,6,6
69981,6,2
11599,6,1
16071,6,3
23719,6,8
65103,6,5
40329,6,2
26339,6,9
52325,6,7
47589,6,3
N,1523,6,5,15
32230,6,9
46601,6,4
73255,6,3
24295,6,7
85523,6,2
89541,6,9
52707,6,1
98023,6,7
30421,6,8
4935,6,10
97379,6,3
97606,6,6
55967,6,7
56999,6,9
69199,6,8
N,185,6,5,9
64031,6,8
97351,6,1
2055,6,3
97499,6,4
7939,6,8
65191,6,2
3623,6,1
30951,6,4
9701,6,6
N,2295,6,3,8
14787,6,6
93630,6,4
89575,6,3
97457,6,9
3143,6,5
44767,6,3
70991,6,10
80350,6,2
N,2722,6,3,8
62135,6,4
40675,6,5
23523,6,7
11479,6,10
13974,6,4
56039,6,6
4027,6,8
64676,6,4
N,2144,6,3,10
9217,6,10
84323,6,10
40510,6,4
38083,6,5
31973,6,9
24227,6,7
81575,6,10
6183,6,2
96867,6,9
9799,6,1
N,321,6,3,11
27391,6,2
79255,6,7
79555,6,5
73420,6,6
24279,6,1
19673,6,5
77499,6,10
31437,6,3
5182,6,7
74791,6,6
44774,6,3
N,71,6,5,17
15460,6,1
47174,6,5
87527,6,1
54742,6,5
47783,6,2
2115,6,10
67254,6,1
89539,6,4
81607,6,4
73439,6,8
52959,6,10
43715,6,9
39649,6,9
88676,6,1
28951,6,9
77501,6,2
73379,6,9
N,1151,6,3,19
51935,6,8
28326,6,1
48839,6,9
65095,6,3
14951,6,9
73442,6,8
30143,6,8
55015,6,3
40644,6,6
9127,6,9
43015,6,2
26311,6,9
54759,6,5
80963,6,1
54341,6,4
81555,6,2
42681,6,9
13927,6,10
11495,6,3
N,2307,6,4,17
34967,6,4
97767,6,3
80219,6,9
81635,6,2
77524,6,8
63167,6,2
20199,6,9
11845,6,8
89814,6,2
72293,6,8
48775,6,10
89655,6,4
40615,6,2
85015,6,7
6210,6,7
97923,6,6
48863,6,6
N,2819,6,5,6
56803,6,4
36543,6,7
78547,6,10
40607,6,5
73383,6,2
39078,6,1
N,329,6,3,20
24295,6,2
36167,6,10
72927,6,8
65159,6,8
55479,6,4
23750,6,1
32480,6,2
57007,6,7
62671,6,2
64209,6,1
36429,6,10
88804,6,5
50864,6,9
23255,6,10
69023,6,1
20960,6,3
24033,6,3
24151,6,6
72927,6,3
80734,6,1
N,2159,6,5,11
56038,6,5
30391,6,8
67258,6,5
62951,6,3
30301,6,9
46817,6,3
88795,6,6
38479,6,2
80181,6,9
51639,6,1
32039,6,6
N,1247,6,3,20
23271,6,8
68295,6,6
14035,6,8
6213,6,6
10452,6,2
40614,6,2
85732,6,10
40663,6,7
6055,6,8
97763,6,10
31943,6,7
32482,6,7
97959,6,3
3622,6,3
73435,6,6
89744,6,6
48405,6,4
16083,6,3
22151,6,9
80659,6,1
N,2113,6,4,19
31749,6,3
20119,6,1
81486,6,8
47331,6,9
72422,6,6
15334,6,4
65253,6,7
29095,6,4
40671,6,10
15713,6,2
95423,6,8
54758,6,4
96485,6,10
40615,6,8
30391,6,6
97667,6,2
15001,6,4
88781,6,7
32422,6,5
N,2049,6,3,17
10229,6,6
89438,6,3
95875,6,9
48834,6,1
46502,6,4
31943,6,8
9959,6,1
89746,6,6
85639,6,8
56802,6,4
70273,6,2
27879,6,1
48597,6,7
16093,6,7
72919,6,9
44639,6,10
15071,6,8
N,45,6,4,10
88789,6,10
61091,6,6
1751,6,8
95680,6,7
29267,6,6
58343,6,8
95807,6,3
15463,6,10
57055,6,6
4574,6,2
N,743,6,3,8
40421,6,3
20052,6,6
36579,6,6
69055,6,2
42085,6,7
31975,6,1
89011,6,4
94946,6,6
T
N,2303,6,5,5
21605,6,8
72807,6,8
44483,6,5
21479,6,2
14548,6,8
N,479,6,5,18
59939,6,10
24265,6,4
33799,6,5
47799,6,5
4135,6,1
54503,6,5
15647,6,6
97991,6,5
79539,6,4
81505,6,1
57316,6,4
72286,6,7
72679,6,10
70375,6,4
48815,6,8
60133,6,2
56325,6,7
24289,6,5
N,482,6,5,8
79495,6,4
46495,6,8
21221,6,3
72791,6,2
64102,6,4
39655,6,8
54757,6,4
22103,6,3
N,579,6,4,11
46055,6,8
15503,6,3
32231,6,7
81573,6,8
31934,6,10
56783,6,9
65253,6,5
39647,6,3
82391,6,4
34361,6,2
56790,6,1
N,1283,6,5,19
40037,6,6
81092,6,1
88782,6,4
93862,6,2
61847,6,6
69275,6,4
26910,6,6
6207,6,3
81371,6,6
32352,6,4
61911,6,9
98007,6,4
85158,6,7
60131,6,3
41567,6,7
47843,6,8
48230,6,10
56807,8,10
67295,6,8
N,1147,6,5,11
44007,6,6
48262,6,10
37301,6,10
5443,6,5
80597,6,7
40263,6,1
22247,6,3
37790,6,5
50277,6,9
88423,6,9
16101,6,7
N,2519,6,3,14
14557,6,2
23263,6,7
34533,6,4
52419,6,8
59591,6,7
15478,6,2
97983,6,3
32454,6,6
75490,6,9
10311,6,1
81617,6,1
38486,6,7
97943,6,8
84958,6,3
N,1153,6,4,20
81639,6,1
89319,6,2
44743,6,7
37575,6,10
71079,6,1
28215,6,7
70755,6,10
38490,6,2
31221,6,8
56791,6,5
44455,6,8
32448,6,4
75487,6,6
61917,6,7
89702,6,10
23461,6,3
96359,6,1
5191,6,8
30439,6,4
30006,6,2
N,2179,6,5,7
95711,6,3
27359,6,8
81366,6,1
5062,6,7
97239,6,9
73446,6,2
2566,6,4
S,6,4,16,49
P,6,3,331,3115.24
P,3,2,1267,1571.3
N,998,6,5,14
66709,6,1
83431,6,2
59093,6,5
13994,6,7
65194,6,6
13031,6,4
88038,6,4
57045,6,3
24254,6,1
93027,6,8
23927,6,8
73373,6,9
68948,6,7
81555,6,4
N,2107,6,3,11
80359,6,2
11206,6,3
97954,6,4
64199,6,5
89537,6,1
5958,6,8
30180,6,7
42711,6,9
40483,6,10
15504,6,8
44514,6,9
S,6,5,18,43
P,9,8,2272,2136.6
P,6,3,1793,632.37
P,3,8,2306,1520.25
N,1283,6,5,5
85445,6,1
89829,6,10
63142,6,7
99988,6,9
89798,6,5
D,6,3
D,6,8
D,6,6
D,6,3
D,6,10
T
D,6,5
D,6,6
D,6,5
