P,7,6,2305,2404.65
P,6,6,2171,1425.98
S,6,6,12,33
D,6,4
D,6,9
D,6,4
P,6,7,1282,3178.7
P,6,6,2163,971.44
N,1186,6,7,7
24263,6,8
97978,6,4
48599,6,6
61127,6,10
7699,6,7
73295,6,2
32487,6,9
N,1271,6,7,11
24295,6,8
90599,6,6
98015,6,9
12775,6,6
72262,6,1
48871,6,8
64599,6,7
81508,6,4
44724,6,8
88151,6,8
98019,6,1
N,1274,6,7,6
56775,6,9
56646,6,3
97895,6,3
19159,6,7
37319,6,10
73185,6,9
N,2031,6,7,15
88805,6,9
82407,6,6
71588,6,6
48869,6,7
80591,6,4
15802,6,6
56935,6,3
22117,6,7
64799,6,2
57055,6,2
44766,6,9
48741,6,6
22995,6,1
1159,6,9
24279,6,2
N,311,6,6,19
98014,6,5
59039,6,6
71111,6,8
24083,6,4
9447,6,9
60862,6,6
5863,6,10
24217,6,9
88807,6,9
20447,6,9
39015,6,4
5623,6,10
49575,6,9
65127,6,1
81317,6,2
44610,6,9
62882,6,5
87446,6,4
81568,6,1
N,11,6,6,13
31428,6,7
68959,6,3
68823,6,7
64359,6,8
80870,6,10
54725,6,8
66782,6,6
80607,6,1
30390,6,7
67301,6,2
17825,6,4
64869,6,3
6201,6,3
D,6,7
P,6,7,1247,956.19
P,4,3,2945,2759.23
P,6,7,746,4409.56
P,6,7,2043,2684.19
P,6,6,2051,1244.91
P,6,7,1283,4866.94
P,6,7,2723,3678.83
P,6,6,624,3994.92
P,6,7,75,3436.5
P,6,7,1953,4248.86
P,6,6,2202,2.78
P,6,6,2176,2093.18
P,6,7,1251,3730.86
P,6,7,2299,329.73
P,6,7,1219,1477.91
P,6,7,139,925.35
P,6,7,2117,2244.34
P,6,7,1139,4107.62
P,6,7,2049,349.05
P,6,7,2305,1231.4
P,6,6,1763,3611.17
P,6,7,139,3907.8
P,6,6,1143,4062.85
P,6,6,771,1916.64
N,35,6,7,10
32205,6,8
5541,6,9
37872,6,5
23779,6,5
30950,6,6
65191,6,7
13445,6,6
83687,6,4
30293,6,5
28679,6,4
N,1280,6,6,20
88211,6,8
93671,6,4
45278,6,2
23767,6,6
54455,6,1
32475,6,7
32422,6,9
24197,6,7
5190,6,4
24273,6,9
52567,6,5
92591,6,4
7942,6,8
79555,6,6
22247,6,9
28349,6,6
30427,6,9
63829,6,6
40135,10,4
22107,6,5
N,1235,6,7,18
24035,6,4
48755,6,4
24279,6,2
89270,6,9
51823,6,3
40289,6,5
20487,6,7
24261,6,9
6121,6,9
63111,6,1
85087,6,2
32462,6,6
25767,6,7
64981,6,1
85735,6,5
5027,6,3
52839,6,3
62117,6,3
N,2291,6,7,19
74948,6,5
47687,6,5
76518,6,2
10791,6,3
81255,6,8
97285,6,7
97975,6,9
40591,6,4
9919,6,10
80807,6,9
29958,6,8
9095,6,4
16101,6,8
87750,6,2
37591,6,3
64726,6,3
13534,6,3
84630,6,9
15938,6,8
N,1251,6,7,16
47751,6,3
67275,6,7
76963,6,7
50883,6,9
799,6,8
50905,6,10
73439,6,10
81638,6,4
62422,6,1
40663,6,8
23269,6,7
31838,6,3
97511,6,4
14783,6,7
93207,6,2
27622,6,1
N,2819,6,7,6
64219,6,7
57063,6,3
42694,6,3
8083,6,8
78812,6,10
16067,6,9
N,331,6,7,19
65143,6,8
53913,6,10
93863,6,10
13383,6,7
78439,6,9
56673,6,8
46695,6,3
13973,6,7
88931,6,1
56785,6,6
61159,6,3
85495,6,5
7027,6,7
70031,6,8
6146,6,6
8995,6,8
47827,6,6
9959,6,6
24257,6,2
D,6,4
D,6,5
N,771,6,7,8
48731,6,10
11319,6,4
21338,6,8
28389,6,6
93922,10,7
44135,6,7
97623,6,4
5126,6,2
D,6,9
N,1025,6,7,17
88779,6,6
31202,6,10
83687,6,9
48317,6,10
2103,6,7
55523,6,3
56694,6,4
19078,6,6
89814,6,3
71315,6,6
81031,6,2
13974,6,5
2015,6,8
95575,6,9
97374,6,6
73229,6,3
95910,6,2
D,6,9
D,6,1
D,6,9
D,6,8
D,6,6
D,6,3
D,6,8
D,6,4
D,6,4
D,6,1
N,129,6,7,10
56038,6,7
20275,6,9
95954,6,5
77465,6,1
30425,6,9
9287,6,2
62371,6,6
30183,6,4
52866,6,7
71259,6,10
N,2179,6,7,12
27203,6,8
70673,6,6
15931,6,1
65223,6,4
45525,6,7
16037,6,10
85543,6,4
1710,6,5
10716,6,6
5895,6,6
36327,6,9
97961,6,10
N,2242,6,7,8
5564,6,3
46503,6,5
89431,6,3
32099,6,2
91748,6,9
2055,6,5
30326,6,6
10917,6,4
N,2930,6,7,20
72807,6,9
34523,6,2
40167,6,5
81127,6,7
65095,6,1
4870,6,8
32486,6,6
23271,6,4
11492,6,10
69351,6,7
4037,6,6
77511,6,5
12344,6,1
95463,6,1
66702,6,4
75495,6,10
40469,6,4
61056,6,7
12747,6,1
22247,6,1
N,2306,6,6,14
81622,6,7
15290,6,2
87387,6,2
89821,6,2
73447,6,4
83687,6,2
96863,6,1
40423,6,8
70823,6,3
70887,6,7
81509,6,5
32479,6,9
29365,6,1
47806,6,2
N,1225,6,7,19
80990,6,10
35411,6,9
80957,6,4
95397,6,1
45511,6,2
15923,6,5
97567,6,9
92359,6,4
54983,6,3
43684,6,6
23615,6,7
65091,6,10
15047,6,3
89807,6,3
77017,6,1
46245,6,10
33255,6,5
94823,6,8
35161,6,1
N,54,6,6,5
20198,6,1
39127,6,9
52627,6,10
36453,6,9
57056,6,1
N,323,6,7,14
56276,6,1
6183,6,6
22111,6,5
64992,6,3
11707,6,5
55491,6,5
20967,6,8
97367,6,3
55013,6,8
65169,6,5
95687,6,7
48099,6,2
69060,6,2
71326,6,8
N,251,6,6,14
32393,6,10
56545,6,3
43879,6,10
40611,6,7
1971,6,10
57041,6,7
5429,6,5
14719,6,6
20071,6,5
32231,6,8
24215,6,2
5940,6,8
93911,6,10
48323,6,3
N,1145,6,6,5
71779,6,6
67303,6,8
55015,6,6
88519,6,8
19157,6,1
N,1603,6,7,13
15015,6,6
64734,6,2
33780,6,10
55387,6,2
30167,6,7
56343,6,5
56915,6,7
81467,6,4
91619,6,5
5685,6,10
98023,6,2
30439,6,8
32223,6,2
N,2305,6,7,7
64999,6,8
9703,6,10
96993,6,5
97989,6,9
89287,6,2
40149,6,4
56935,6,4
N,2947,6,7,7
23270,6,1
47590,6,6
15653,6,3
16077,6,3
56615,6,2
89722,6,6
24039,6,5
N,1247,6,7,8
57050,6,6
71119,6,6
9535,6,5
89569,6,4
37575,6,1
23715,6,7
76007,6,9
29924,6,7
N,2655,6,6,10
29406,6,4
32487,6,6
48871,6,10
57063,6,10
64039,6,6
23413,6,7
45795,6,10
46670,6,10
79549,6,7
79587,6,2
N,2881,6,6,9
15815,6,4
11623,6,5
3519,6,6
32430,6,1
16102,6,9
97631,6,10
67038,6,8
81627,6,7
13287,6,5
N,1283,6,6,16
72229,6,2
14567,6,9
52966,6,1
2118,6,8
32150,6,1
83687,6,8
27589,6,6
29413,6,2
24995,6,3
97989,6,9
32343,6,10
97733,6,10
56740,6,6
16103,6,4
80615,6,5
15527,6,1
N,315,6,7,9
12514,6,10
72482,6,9
32429,6,9
4679,6,1
915,6,9
60005,6,3
64965,6,3
89575,6,7
15027,6,6
N,1787,6,7,7
40678,6,3
39654,6,3
48847,6,10
19167,6,10
24035,6,4
81383,6,6
81587,6,5
N,2303,6,7,7
82935,6,6
65189,6,2
29395,6,5
79798,6,9
39935,6,6
11869,6,5
95719,6,10
N,241,6,6,18
818,6,7
6143,6,5
36057,6,4
56022,6,1
22631,6,4
62373,6,7
56813,6,1
15763,6,6
81635,6,5
94631,6,8
97159,6,4
31951,6,7
31442,6,7
73285,6,3
11999,6,9
39609,6,8
48583,6,1
32447,6,7
N,2819,6,7,13
6213,6,4
40678,6,5
71235,6,5
65187,6,3
50661,6,4
89759,6,10
97893,6,4
24228,6,9
46838,6,2
50655,6,9
40103,5,4
64098,6,6
32356,6,3
N,883,6,7,16
55687,6,8
75461,6,3
98022,6,10
87749,6,4
65198,6,3
65161,6,5
16097,6,7
56035,6,4
6046,6,5
47375,6,9
1749,6,8
15775,6,10
56998,6,3
99879,6,5
55003,6,4
56783,6,1
N,2786,6,7,8
38887,6,10
73279,6,3
72389,6,6
69351,6,3
2070,6,1
81535,6,3
4151,6,9
36323,6,9
N,1143,6,7,16
48837,6,1
56860,6,4
6145,6,7
81634,6,4
88801,6,7
26342,6,7
68711,6,6
46054,6,5
19526,6,9
84929,6,7
40423,6,3
63167,4,1
1190,6,6
5181,6,9
97983,6,9
85690,6,9
T
D,6,9
D,6,9
D,6,3
P,6,6,761,3301.36
P,6,7,1283,3726.61
P,6,7,1272,3534.62
N,2915,6,7,13
65187,6,2
59887,6,2
70167,6,3
55511,6,7
15569,6,6
32326,6,5
68134,6,8
5935,6,1
80228,6,10
48862,6,9
57062,6,8
86759,6,10
85111,6,3
N,1749,6,7,14
96693,3,10
56365,6,8
73149,6,7
38627,6,6
23238,6,2
97467,6,7
63135,6,8
84706,6,9
15975,6,9
40353,6,4
98989,6,8
72901,6,1
40677,6,8
47845,6,9
N,2290,6,7,14
65059,6,8
63110,6,2
13799,6,6
12640,6,6
47327,6,2
82079,6,5
5663,6,9
11938,6,6
28391,6,10
37789,6,4
71074,6,7
15871,6,3
1605,6,1
91271,6,5
N,1235,6,7,15
14932,6,10
56803,6,2
48773,6,7
16791,6,10
65227,6,8
81511,6,3
73188,6,2
32357,6,8
5895,6,1
52966,6,8
18631,6,2
29895,6,2
38597,6,2
60630,6,7
22919,6,5
N,1774,6,6,11
79398,6,9
87171,6,2
62687,6,1
40679,6,5
89670,6,7
36311,6,6
73111,6,9
35231,6,2
80357,6,9
6205,6,7
71135,6,10
N,2817,6,7,16
71393,6,10
40409,6,10
34263,6,4
32415,6,5
57048,6,9
46687,6,9
26279,6,8
56895,6,8
80199,6,4
55010,6,8
21731,6,10
48347,6,9
63076,6,3
2118,6,3
6101,6,7
15586,6,3
N,2298,6,7,20
5186,6,6
3911,6,10
32431,6,5
61141,6,7
66268,6,1
65141,6,10
97450,6,3
14017,6,1
12821,6,10
3708,6,7
40332,6,1
98014,6,7
48794,6,2
23419,6,1
32075,6,7
85709,6,9
15951,6,3
22554,6,9
40549,6,3
32263,6,2
N,59,6,7,18
40583,6,2
55515,6,7
89287,6,5
16053,6,4
21980,6,10
89295,6,5
68816,6,10
56935,6,1
89445,6,4
14019,6,2
6213,6,8
5879,6,4
81339,6,4
30298,6,9
40454,6,9
52965,6,6
99427,6,2
27365,6,10
N,2241,6,6,14
71325,6,6
65167,6,8
64698,6,6
69588,6,9
72101,6,7
99559,6,2
75877,6,9
72295,6,7
5411,6,6
55943,6,1
5637,6,7
35515,6,10
80599,6,9
97945,6,7
N,1219,6,6,15
77424,6,9
44759,6,9
89314,6,4
36067,6,1
62951,6,1
42167,6,4
65236,6,3
50503,6,6
85463,6,4
4422,6,5
88419,6,1
81127,6,1
43495,6,2
32487,6,8
89782,6,6
N,11,6,6,12
39750,6,5
77525,6,1
6197,6,7
92869,6,3
75382,6,4
78999,6,8
93918,6,5
15829,6,6
4090,6,4
57063,6,2
56803,6,3
68788,6,2
N,691,6,7,8
16102,6,5
28071,6,8
701,6,3
89568,6,3
31703,6,6
47814,6,6
73366,6,8
68633,6,3
N,533,6,6,20
64735,6,2
11127,6,5
15935,6,7
89687,6,9
54745,6,4
40612,6,9
13799,6,8
30382,6,9
16486,6,10
97701,6,10
63207,6,1
73383,6,10
68259,6,10
15823,6,5
21219,6,1
15044,6,1
1733,6,5
6021,6,9
15326,6,10
95635,6,7
N,201,6,7,16
13285,6,3
69283,6,5
40583,6,6
1603,6,8
81247,6,9
65143,6,5
65251,6,6
89287,6,4
39539,6,5
4924,6,2
20455,6,9
72919,6,5
72967,6,3
87452,6,5
71301,6,9
56007,6,2
N,202,6,6,13
98023,6,10
38631,6,8
45775,6,1
47702,6,3
39,6,5
40455,6,9
5059,6,1
40679,6,4
64983,6,5
27183,6,7
23781,6,6
48731,6,7
88675,6,7
N,750,6,7,16
34470,6,2
81575,6,1
43620,6,10
81127,6,7
13991,6,8
75467,6,1
16339,6,7
65174,6,6
29927,6,2
32229,6,6
93535,6,5
2375,6,4
22117,6,9
73222,6,6
11679,6,9
6151,6,4
N,1103,6,7,17
40532,6,8
97991,6,5
89175,6,7
21273,6,1
88551,6,7
2095,6,7
31897,6,9
27750,6,3
79462,6,6
8259,6,7
22735,6,9
59238,6,3
81343,6,6
77509,6,5
16935,6,10
21639,6,3
24167,6,2
N,2178,6,7,17
87622,6,8
64327,6,9
38471,6,2
56657,6,2
34427,6,9
27863,6,6
30045,6,4
38615,6,9
13895,6,9
4935,6,8
57055,6,4
97852,6,10
77015,6,2
12759,6,7
48862,6,8
97479,6,9
57031,6,8
N,242,6,6,9
86209,6,4
52959,6,4
56407,6,8
56807,6,10
96351,6,5
97511,6,2
88167,6,1
16039,6,10
51763,6,2
N,43,6,7,18
5671,6,8
15811,6,9
61023,6,7
13891,6,8
7703,6,4
5951,6,4
77447,6,1
52771,6,1
18119,6,3
81634,6,6
61157,6,5
56549,6,8
23271,6,4
60830,6,2
30119,6,10
69303,6,1
9895,6,2
48867,6,5
N,2301,6,7,6
24294,6,2
79570,9,9
60902,6,3
24699,6,10
81639,6,5
13348,6,5
