N,1249,6,8,12
96422,6,3
21223,6,9
5181,6,6
73306,6,5
15015,6,8
57055,6,1
61527,6,1
39526,6,1
14947,6,10
24239,6,7
88789,6,5
71909,6,8
N,2304,6,8,19
2021,6,1
27221,6,7
64165,6,1
52710,6,1
10179,6,7
55015,6,7
60635,6,8
73311,6,2
54503,6,5
87778,6,5
25247,6,10
79575,6,3
21923,6,10
32477,6,6
77253,6,5
23267,6,2
5622,6,5
63829,6,9
72423,6,2
N,295,6,8,19
39855,6,2
73191,6,4
80231,6,7
63655,6,6
15077,6,10
71190,6,6
71885,6,10
85143,6,8
5703,6,7
20180,6,5
70359,6,8
28057,6,5
38487,6,1
48867,6,3
6215,6,2
58980,6,10
11748,6,10
61349,6,6
15591,6,5
N,1789,6,8,14
27239,6,10
83654,6,6
40254,6,8
76519,6,8
89783,6,6
58818,6,10
11810,6,2
31975,6,2
28353,6,2
88799,6,6
40151,6,2
88423,6,4
53269,6,2
40183,6,4
N,154,6,9,7
79120,6,9
48539,6,5
89039,6,2
54995,6,10
15965,6,1
13987,6,9
96967,6,5
N,963,6,8,14
71143,6,2
65249,6,1
11999,6,10
35680,6,7
97987,6,6
2111,6,4
13030,6,10
88290,6,4
56485,6,6
89015,6,2
89207,6,2
46815,6,9
31943,6,4
23399,6,7
N,1025,6,10,10
62911,6,2
96982,6,6
98006,6,6
43439,6,1
98003,6,5
30930,6,3
6019,6,1
56014,6,9
15332,6,10
12483,6,5
N,139,6,8,18
47847,6,6
73413,6,2
34533,6,5
44309,6,1
3455,6,8
47298,6,9
27301,6,9
75875,6,8
81251,6,8
81605,6,6
24243,6,9
72707,6,1
85600,6,6
79485,6,1
32159,6,7
97995,6,4
27293,6,1
6023,6,8
N,2931,6,10,9
60087,6,6
39655,6,7
5910,6,6
42019,6,3
89573,6,10
89695,6,9
48311,6,4
88757,6,1
47463,6,5
N,755,6,10,11
48870,6,5
73381,6,3
2119,6,4
12819,6,3
32422,6,4
73447,6,7
89314,6,2
48541,6,4
13649,6,7
60383,6,9
85598,6,7
N,2079,6,8,17
47940,6,5
87647,6,6
24295,6,5
16101,6,3
61143,6,9
77079,6,2
64870,6,1
19107,6,8
30285,6,7
15127,6,2
81055,6,9
32443,6,2
24283,6,8
11179,6,2
73189,6,6
1351,8,10
14391,6,10
N,2256,6,8,13
30807,6,8
80773,6,9
55015,6,10
32331,6,4
29412,6,2
28131,6,2
63145,6,5
86618,6,6
77543,6,6
15971,6,3
28322,6,10
80222,6,1
24039,6,1
N,1091,6,10,8
23711,6,2
11751,6,5
6212,6,5
64039,6,9
89831,6,7
2883,6,4
67269,6,10
4165,6,5
N,201,6,9,12
73189,6,5
98019,6,9
96967,6,1
41183,6,6
48603,6,5
15704,6,3
13671,6,10
83175,6,7
66020,6,10
51943,6,3
97975,6,3
63174,6,4
N,1793,6,8,8
98003,6,4
89767,6,9
52919,6,2
11997,6,10
28375,6,7
48093,6,1
40675,6,1
47766,6,7
N,1657,6,10,9
38438,6,10
30806,6,5
6191,6,2
96999,6,2
87703,6,3
81510,6,7
8295,6,1
48734,6,5
73443,6,1
N,1275,6,8,5
37335,6,7
22215,6,4
32487,6,9
88421,6,9
87244,6,6
N,309,6,9,6
46843,6,7
38491,6,5
1987,6,8
57063,6,4
87782,6,3
78030,6,4
N,1107,6,8,16
18775,6,5
96743,6,3
79302,6,3
61263,6,3
69331,6,6
32419,6,4
89750,6,3
98006,6,3
97372,6,6
92901,6,4
20165,6,2
1062,6,1
20159,6,3
87213,6,3
59110,6,10
43751,6,7
N,1276,6,9,7
48349,6,1
39603,6,3
64871,6,1
3987,6,7
3253,6,2
23862,6,9
40670,6,9
N,1218,6,9,5
56725,6,1
19167,6,6
40598,6,9
73301,6,6
30791,6,3
N,2111,6,10,13
47847,6,6
27367,6,2
64981,6,5
32359,10,1
4515,6,5
79535,6,3
52709,6,5
40022,6,6
80439,6,8
63207,6,5
77478,6,7
24039,6,4
27367,6,2
N,1277,6,10,9
24151,6,4
97989,6,10
32471,6,6
95847,6,4
56867,6,2
57023,6,10
51559,6,3
40405,6,7
28387,6,2
N,91,6,9,17
89683,6,4
44518,6,2
24294,6,8
37735,6,8
57575,6,10
88807,6,3
15589,6,10
6207,6,10
15837,6,10
94181,6,1
32455,6,6
29009,6,7
80851,6,10
35489,6,1
13011,6,5
28341,6,8
40383,6,2
N,1758,6,10,8
92820,6,10
81553,6,4
22405,6,5
46818,6,10
79079,6,7
38119,6,1
88037,6,6
16008,6,1
N,515,6,8,17
45767,6,2
31973,6,7
31390,6,6
48805,6,6
54886,6,2
58039,6,4
13923,6,10
25287,6,7
5831,6,5
65238,6,2
65255,6,9
73127,6,10
56548,6,5
40647,6,1
13063,6,3
96487,6,9
27932,6,1
N,1011,6,9,18
72421,6,3
85459,6,7
83022,6,7
10847,6,2
79591,6,3
52797,6,4
65121,6,6
97255,6,1
72165,6,9
64738,6,6
24099,6,8
88415,6,6
89671,6,8
78551,6,2
40635,6,1
51687,6,9
46743,6,10
97719,6,4
N,1755,6,8,6
14819,6,10
23087,6,7
20191,6,6
77061,7,9
58086,6,4
48099,6,1
N,1154,6,10,8
23012,6,9
56343,6,2
64471,6,9
95847,6,2
6206,6,1
1573,6,7
64198,6,8
36511,6,1
N,311,6,8,6
5701,6,1
95719,6,2
31399,6,2
44759,6,8
64026,6,5
56551,6,7
N,2547,6,8,13
65062,6,5
1596,6,4
95671,6,6
71379,6,7
35239,6,4
13005,6,4
28311,6,4
48678,6,9
45283,6,10
14267,6,9
89831,6,2
6215,6,10
97831,6,9
N,767,6,9,10
4017,6,6
40616,6,10
34471,6,8
81637,8,8
96806,6,5
9831,6,8
97703,6,10
13987,6,1
15068,6,10
97671,6,6
N,208,6,9,20
56863,6,3
73375,6,4
69222,6,7
56550,6,2
35519,6,4
65247,6,5
48271,6,2
38503,6,8
40167,6,10
95959,6,9
67143,6,4
71099,6,1
34013,6,10
79571,6,8
32423,6,2
20099,6,8
24070,6,3
52827,6,2
64903,6,7
47271,6,7
N,771,6,10,16
79335,6,9
98023,6,1
14047,6,8
48862,6,2
54471,6,1
24037,6,7
40455,6,10
72934,6,4
6215,6,3
20006,6,2
27291,6,3
39383,6,5
23011,6,8
56679,6,6
99557,6,2
81427,6,7
N,2303,6,10,9
96963,6,6
73443,6,1
95938,6,5
81639,6,2
52261,6,6
24101,6,8
97991,6,9
5175,6,1
31774,6,3
N,2775,6,9,12
68772,6,5
70855,6,5
78567,6,4
95903,6,2
63183,6,1
35293,6,9
81077,6,3
32215,6,3
28391,6,1
55006,6,8
23007,6,1
24037,6,4
I,6,10,49
S,6,8,14,48
D,6,10
P,10,2,1011,3556.16
N,1555,6,10,17
58464,6,8
39527,6,10
32467,6,10
14055,6,6
63206,6,9
24100,6,6
55971,6,4
10949,6,7
77539,6,6
4037,6,9
12903,6,7
48863,6,2
40647,6,2
86500,6,2
15767,6,4
87197,6,9
54497,6,4
N,1251,6,10,11
5190,6,5
30919,6,1
99302,6,6
32479,6,9
19687,6,9
16096,6,7
65031,6,8
27727,6,6
88783,6,7
35751,6,3
47590,6,6
N,325,6,9,17
14822,6,9
32485,6,7
45799,6,8
5639,6,5
86500,6,7
43156,6,8
39390,6,9
15063,6,2
94598,6,10
18087,6,6
24287,6,5
1991,6,1
51423,6,6
27978,6,5
89191,6,10
70343,6,2
6031,6,10
N,1193,6,8,16
79015,6,6
72164,6,6
3137,6,4
9955,6,9
74447,6,3
65149,6,4
15815,6,10
48065,6,1
40679,6,8
19026,6,7
18855,6,8
83997,6,3
96614,6,3
87271,6,9
23527,6,4
77543,6,6
N,2306,6,8,7
80591,6,4
97959,6,6
94948,6,3
79558,6,7
40667,6,7
89573,6,6
93903,6,7
N,2179,6,9,9
28135,6,4
64599,6,4
52902,6,10
15063,6,4
52750,6,6
92787,6,7
46803,6,1
24285,6,1
71837,6,10
N,2755,6,9,11
37598,6,4
71364,6,1
31970,6,7
27463,6,2
59111,6,5
70630,6,3
6215,6,1
2910,6,6
64991,6,5
65126,6,9
85593,6,9
N,247,6,8,13
48099,6,3
62949,6,3
3507,6,8
743,6,8
40600,6,1
14805,6,2
46823,6,7
65111,6,8
53862,6,9
97510,6,8
51846,4,7
22999,6,6
3611,6,2
N,203,6,9,17
91823,6,10
96742,6,10
31397,6,7
65111,6,4
23879,6,4
48349,6,1
6209,6,5
88791,6,8
81433,6,7
58847,6,7
13991,6,2
97958,6,8
68829,6,7
64095,6,2
15075,6,8
97603,6,5
5926,6,7
N,946,6,8,18
31963,6,9
43747,6,2
14689,6,4
6213,6,3
31837,6,8
70374,6,8
13541,6,5
14951,6,3
56413,6,5
93903,6,10
15590,6,7
21971,6,7
6183,6,8
97863,6,10
48627,6,8
32359,6,4
68966,6,6
16102,6,9
N,1667,6,10,18
65103,6,9
24006,6,1
4167,6,8
55011,6,1
98407,6,8
88263,6,4
15911,6,5
77026,6,8
55766,6,7
72799,6,5
57055,6,9
37581,6,10
58023,6,1
1799,6,8
98023,6,5
71639,6,6
65215,6,8
40004,6,9
N,2305,6,10,14
82306,6,6
16615,6,4
46303,6,1
58596,6,4
22115,6,3
75111,6,6
48871,6,6
24271,6,4
84182,6,1
56741,6,10
81497,6,6
15814,6,7
70887,6,9
79567,6,2
N,1279,6,10,14
75877,6,3
4797,6,5
73315,10,1
89767,6,9
18881,6,6
6181,6,10
97982,6,10
79567,6,10
5884,6,9
73175,6,5
93414,6,6
71129,6,4
95911,6,9
15717,6,7
N,298,6,9,15
39613,6,7
44630,6,10
55004,6,8
73073,6,6
64091,6,6
40642,6,1
74951,6,4
91853,6,8
64603,6,4
59107,6,9
80789,6,1
60965,6,7
95837,6,1
79463,6,2
97703,6,3
N,2033,6,9,17
64466,6,5
40513,6,3
65247,6,2
16076,6,3
32199,6,2
69091,6,8
81127,6,9
30183,6,3
75847,6,2
59455,6,1
20103,6,6
40007,6,5
12999,6,7
1632,6,2
32077,6,4
63555,6,9
56351,6,10
N,273,6,10,19
89655,6,3
15069,6,7
86759,6,6
74951,6,9
22071,6,2
48199,6,1
56902,6,4
29843,6,6
15329,6,1
19943,6,7
88294,6,2
63587,6,10
79926,6,4
85733,6,4
14311,6,2
14557,6,8
62161,6,10
76166,6,3
44710,6,9
N,899,6,10,12
81639,6,2
38623,6,1
77253,6,10
86739,6,4
88035,6,4
11239,6,6
4023,6,2
24002,6,3
97890,6,5
11623,6,10
32447,6,1
27847,6,7
N,1187,6,9,9
82657,6,3
64729,6,1
95975,6,8
46727,6,10
32099,6,9
64997,6,3
29910,6,7
54982,6,3
57982,6,3
N,187,6,10,6
23779,6,10
78053,6,5
36559,6,6
31931,6,6
68771,6,4
61159,6,9
N,1635,6,10,14
78036,6,8
32478,6,5
62422,6,8
73447,6,8
32485,6,1
24287,6,1
6035,6,10
65127,6,6
92838,6,10
33982,6,5
48862,6,3
48547,6,1
67283,6,5
41263,6,8
N,2978,6,9,17
93911,6,7
23775,6,1
64951,6,1
22245,6,10
71527,6,10
81607,6,4
78567,6,7
90463,6,1
40470,6,2
57023,6,1
79575,6,5
48583,6,8
57059,6,1
71367,6,1
1095,6,6
5879,6,4
77271,6,10
P,2,3,513,786.94
T
D,6,2
N,700,6,10,14
52511,6,9
97991,6,1
15951,6,1
99490,6,3
31113,6,2
37958,6,10
40189,6,6
40615,6,10
80999,6,6
63143,6,10
73447,6,3
12319,6,5
23503,6,9
15519,6,9
N,66,6,9,11
9759,6,5
48869,6,10
63079,6,4
48545,6,3
20188,6,2
56421,6,6
13733,6,10
72647,6,9
48823,6,2
48861,6,5
89783,6,1
N,1135,6,10,17
93903,3,8
48773,6,7
11837,6,3
32411,6,6
79547,6,6
85733,6,3
28378,6,10
70119,6,9
81366,6,1
24295,6,9
95395,6,4
16101,6,5
46471,6,6
6203,6,6
64742,6,9
38095,6,3
34985,6,2
N,683,6,9,19
2107,6,10
65191,6,10
81607,6,3
39567,6,4
60102,6,8
64683,6,4
32483,6,1
27623,6,9
4103,6,1
64741,6,8
39638,6,7
50403,6,2
69337,6,3
61158,6,10
81231,6,3
37606,6,4
33759,6,1
72329,6,8
79463,6,6
N,1279,6,10,8
85511,6,4
92326,6,5
22703,6,9
65240,6,3
93315,6,3
65247,6,5
54996,6,7
22195,6,4
N,297,6,8,19
93927,6,5
24167,6,2
31262,6,9
21846,6,3
64227,6,10
32450,6,3
32301,6,9
93439,6,10
56919,6,4
1344,6,7
81638,6,9
48487,6,5
34977,6,2
36583,6,1
67141,6,8
71258,6,8
3667,6,9
62655,6,9
40215,6,5
N,2795,6,9,8
1907,6,4
72675,6,6
96965,6,8
40582,6,7
28263,6,6
6149,6,3
16101,6,6
96471,6,9
N,2299,6,9,18
65255,6,4
32230,6,2
5287,6,5
31846,6,9
65158,6,9
48039,6,4
1078,6,5
56645,6,10
6135,6,5
69,6,8
67239,6,3
81631,6,7
88279,6,10
78435,6,7
28231,6,7
44770,6,10
56966,6,2
48823,6,7
N,1147,6,10,11
29271,6,6
56733,6,5
69846,6,8
31711,6,9
15689,6,2
48103,6,1
26789,6,1
40405,6,9
15431,6,4
56958,6,7
18855,6,10
N,2799,6,10,7
13398,6,10
19111,6,1
72295,6,5
1671,6,3
12798,6,7
87767,6,9
15195,6,6
N,2018,6,8,17
2493,6,1
73359,6,1
15973,6,5
63165,6,2
98018,6,6
85991,6,10
6150,6,1
97895,6,10
55956,6,9
65187,6,8
23613,6,5
9286,6,7
40359,6,5
54670,6,3
12205,6,2
72895,6,6
48869,6,9
N,331,6,9,12
62183,6,7
23215,6,7
56551,6,1
54946,6,7
26324,6,10
32008,6,7
71393,6,8
27075,6,6
94437,6,3
32451,6,6
89686,7,9
97575,6,1
N,1790,6,8,16
54998,6,5
71319,6,9
88447,6,7
95974,6,9
69973,6,5
56022,6,7
15799,6,2
81558,6,2
67869,6,6
93839,6,1
97991,6,9
89831,6,5
32478,6,6
71511,6,7
21991,6,4
93863,6,10
N,1790,6,8,16
63110,6,8
27317,6,7
58834,6,9
23125,6,9
76448,6,10
18818,6,1
71907,6,6
77540,6,9
69351,6,3
6143,6,8
22947,6,4
81383,6,10
16095,6,4
22783,6,4
48852,6,7
81639,6,5
N,2995,6,8,18
95620,6,4
11463,6,8
64997,6,3
29367,6,1
81639,6,3
50167,6,6
24039,6,8
50855,6,9
89778,6,7
56739,6,1
24083,6,6
56935,6,4
97735,6,5
10979,6,4
96739,6,6
52711,6,2
65185,6,3
81255,6,4
N,2222,6,10,12
29279,6,5
4839,6,6
57871,6,1
37963,6,7
62883,6,4
81375,6,6
42317,6,9
98015,6,8
23774,6,6
39526,6,8
81615,6,5
59613,6,4
N,2302,6,8,16
31438,6,2
63911,6,2
93647,6,3
7651,6,5
71317,4,4
32482,6,8
64223,6,2
45507,6,10
20167,6,6
85710,6,8
48803,6,6
16067,6,6
8933,6,2
2118,6,4
64466,6,8
47551,6,1
N,618,6,8,6
48343,6,5
19683,6,8
30423,6,6
1839,6,3
1606,6,1
32390,6,4
N,1039,6,9,18
42654,6,3
53462,6,4
56933,6,3
16022,6,8
56899,6,8
4999,6,5
6062,6,2
39171,6,1
63199,6,7
73319,6,10
62695,6,9
48835,6,9
44228,6,6
30309,6,5
50339,6,5
14563,6,4
81103,6,4
89831,6,1
N,2255,6,8,15
31847,6,1
48034,6,5
79510,6,7
73411,6,4
87718,6,8
40679,6,5
61159,6,7
5442,6,8
40670,6,2
5703,6,3
6150,6,10
97759,6,5
85609,6,9
15330,6,2
80831,6,8
N,1275,6,10,5
19681,6,7
81566,6,5
31669,6,7
3141,6,5
87591,6,3
N,2223,6,9,16
23263,6,10
39503,6,6
2119,6,1
26142,6,1
20069,6,2
54503,6,10
30422,6,7
88599,6,5
22247,6,9
97637,6,6
36811,6,6
56543,6,8
89815,6,6
88782,6,7
87366,6,2
92884,6,8
N,2179,6,10,7
36579,6,5
44775,6,1
20193,6,1
87015,6,8
4167,6,9
14775,6,8
89781,6,6
N,33,6,8,10
23259,6,1
27366,6,10
27351,6,2
92447,6,4
81555,6,10
65186,6,9
69063,6,4
80871,6,3
40103,6,5
64965,6,1
N,2097,6,10,15
31939,6,3
32455,6,3
39015,6,1
72871,6,8
89828,6,7
80462,6,10
52927,6,8
72530,6,4
5639,6,6
81383,6,9
79015,6,2
98791,6,10
69147,6,1
81630,6,7
77421,6,1
N,1362,6,9,10
89831,6,2
40413,6,8
90838,6,3
21862,6,3
60071,6,8
94951,6,5
81634,6,9
95827,6,7
89726,6,3
52353,6,6
N,1267,6,8,17
3015,6,6
20167,6,2
72742,6,3
97982,6,5
56502,6,7
13526,6,8
31974,6,4
5701,6,2
28135,6,4
11343,6,4
44757,6,9
79011,6,5
56867,6,4
56799,6,8
32167,6,1
70807,6,7
23203,6,4
N,75,6,9,7
12645,6,3
60871,6,8
75398,6,2
6214,6,8
38114,6,5
73121,6,3
15079,6,3
N,1007,6,8,16
44323,6,9
38627,6,8
40679,6,7
24291,6,7
6183,6,9
44255,6,10
5590,6,9
33893,6,4
13798,6,1
2359,6,2
32447,6,8
71079,6,4
97759,6,10
56807,6,4
80602,6,3
6075,6,8
N,267,6,9,9
65127,6,8
84453,6,6
47827,6,6
48407,6,3
35046,6,3
32224,6,7
77538,6,2
52949,6,9
96639,6,10
N,2305,6,10,11
54334,6,3
77538,6,2
79783,6,9
14949,6,7
16085,6,1
69329,6,7
62629,6,1
71909,6,2
6183,6,7
93734,6,5
15887,6,10
N,2305,6,8,20
52967,6,8
36194,6,5
14627,6,9
10983,6,4
35398,6,10
62906,6,1
55687,6,5
44967,6,1
15966,6,1
57031,6,8
95623,6,1
39655,6,5
31455,6,6
65143,6,3
24033,6,4
40678,6,2
87719,6,8
48343,6,3
64070,6,2
34502,6,10
N,1250,6,8,11
73423,6,2
44439,6,10
23171,6,8
40678,6,9
8389,6,9
31447,6,7
68189,6,6
81350,6,1
35557,6,5
59414,6,5
1591,1,9
N,579,6,8,14
31063,6,7
31974,6,8
89815,6,7
14431,6,5
24099,6,8
42063,6,9
85598,6,1
24071,6,2
64932,6,8
11967,6,8
69269,6,7
52839,6,9
48871,6,9
54982,6,8
N,309,6,9,16
65255,6,10
15162,6,9
16037,6,5
71103,6,8
70526,6,10
6211,6,8
24135,4,8
97764,6,2
40387,6,6
35943,6,1
73399,6,6
50823,6,8
81631,6,2
23271,6,1
77543,6,8
88855,6,5
N,215,6,10,20
47077,6,3
85086,6,1
47219,6,4
61671,6,10
6151,6,9
73267,6,5
48807,6,4
40612,6,7
81479,6,6
96886,6,10
80869,6,7
93671,6,4
54887,6,6
40163,6,8
56991,6,7
97755,6,3
56037,6,8
62947,6,5
81574,6,7
75431,6,3
N,331,6,8,10
27583,6,10
60886,6,8
89639,6,8
36578,6,1
38431,6,6
72345,6,8
89439,6,10
20128,6,4
15974,6,8
3141,2,9
N,2977,6,8,8
48095,6,10
19271,6,7
96998,6,4
52759,6,5
31708,6,10
89597,6,9
87526,6,6
69222,6,9
N,327,6,10,18
88807,6,10
32358,6,3
48551,6,8
89830,6,4
36479,6,10
1801,6,7
15843,6,8
1823,6,8
88807,6,4
88601,6,2
97758,6,8
81084,6,5
5703,6,4
97759,6,5
73447,6,1
65110,6,1
73447,6,7
30647,6,9
N,954,6,10,9
39302,6,4
68693,6,10
16100,6,6
93892,6,9
70990,6,10
81634,6,3
35556,6,8
16100,6,5
97753,6,5
N,1283,6,10,7
23782,6,4
97727,6,8
23366,6,8
89672,6,4
63655,6,5
69603,6,7
53842,6,7
N,2175,6,9,19
73143,6,4
30055,6,7
51877,6,8
78567,6,9
6151,6,10
40647,6,10
15831,6,9
38111,6,5
67196,9,3
51795,6,6
46614,6,6
80357,6,7
97963,6,9
40611,6,7
64215,6,1
73190,6,7
81623,6,1
24067,6,2
55966,6,4
N,1280,6,9,7
92707,6,9
41703,6,3
99875,6,2
20198,6,8
88343,6,7
20070,6,4
79206,6,7
N,1201,6,10,15
90303,6,8
96839,6,7
41639,6,6
56911,6,8
64388,6,8
64417,6,5
53718,6,5
52773,6,3
64487,6,7
40417,6,8
64355,6,2
63154,6,8
20135,6,9
75479,6,4
6081,6,9
N,1147,6,10,13
6201,6,7
48261,6,1
85727,6,4
27366,6,9
28375,6,5
89308,6,10
31303,6,1
20132,6,9
32134,6,9
61543,6,4
16070,6,6
80611,6,5
56398,6,3
N,435,6,10,14
73447,6,2
83687,6,7
24291,6,10
73439,6,7
61157,6,8
79847,6,4
96995,6,10
56975,6,2
40167,6,9
48230,6,6
1987,6,1
10268,6,6
58839,6,1
96999,6,3
N,2301,6,9,14
55525,6,4
16048,6,2
32415,6,7
13398,6,8
65127,6,8
34468,6,4
62687,6,4
39142,6,4
68967,6,9
79556,6,9
8995,6,2
52455,6,6
40027,6,5
39965,6,4
N,1921,6,10,13
56415,6,8
50919,6,6
15954,6,1
16102,6,7
16103,6,8
19163,6,7
3845,6,9
5703,6,6
6199,6,2
81639,6,8
15463,6,5
6070,6,9
43750,6,3
N,2291,6,8,10
5959,6,2
15846,6,9
81591,6,8
4935,6,10
23263,6,8
98007,6,2
56983,6,9
81522,6,1
77539,6,3
5527,6,8
N,328,6,8,8
81638,6,1
88774,6,2
91815,6,6
18529,6,5
47826,6,3
28255,6,3
55658,6,8
48800,6,10
N,1275,6,10,9
73063,6,9
57050,6,4
44578,6,3
6146,6,9
88597,6,10
30365,6,6
89716,2,6
93539,6,9
74658,6,4
N,769,6,10,14
24165,6,5
66753,6,10
57063,6,2
56722,6,8
56999,6,6
91701,6,4
96917,6,7
38615,6,5
79577,6,2
55975,6,1
56423,6,5
10899,6,2
27055,6,2
73899,6,3
N,11,6,10,11
85475,6,1
85221,6,2
56807,6,3
24166,6,6
38495,6,6
46053,6,8
4599,6,7
54956,6,3
81217,6,2
4599,6,9
73295,6,9
N,1506,6,10,10
56867,6,7
29144,6,6
57361,6,9
80997,6,3
81501,6,2
72167,6,2
15015,6,1
31463,6,2
21686,6,6
32482,6,7
N,1027,6,9,12
89783,6,4
52695,6,4
15462,6,1
48326,6,3
57557,6,4
88664,6,1
97700,6,8
4615,6,4
88931,6,4
39623,6,9
81993,6,8
4988,6,7
N,2047,6,9,16
63133,6,8
88805,6,7
65255,6,9
454,6,10
71909,6,5
15911,6,4
14557,6,3
23527,6,1
73443,6,7
61156,6,7
24295,6,6
40517,6,10
89220,6,5
80543,6,6
47839,6,4
18979,6,9
N,263,6,9,20
28135,6,6
4099,6,10
94431,6,6
64423,6,5
24273,6,3
55459,6,6
32487,6,2
40165,6,1
23684,6,6
10914,6,1
55399,6,7
43727,6,8
60603,9,5
94947,6,9
27202,6,5
21163,6,8
3895,6,8
76510,6,8
13935,6,9
22507,6,6
N,1269,6,9,7
78039,6,10
5119,6,6
74243,6,9
89759,6,4
40614,6,10
87754,6,6
92486,6,9
N,1019,6,10,17
97778,6,10
6199,6,8
45475,6,8
67191,6,5
80102,6,4
21031,6,7
57030,6,2
5693,6,3
87339,6,5
52775,6,8
48722,6,5
54615,6,8
28174,6,4
5607,6,1
95847,6,6
38365,6,5
4967,6,10
N,489,6,8,5
32487,6,9
70695,6,3
48870,6,4
72742,6,9
8931,6,7
N,1275,6,9,18
72417,6,2
72391,6,6
40389,6,8
38631,6,9
6119,6,9
67170,6,10
21149,6,7
40679,6,8
48806,6,10
23739,6,8
81351,6,9
81108,6,5
48639,1,10
15586,6,8
5859,6,9
64599,6,6
93285,6,9
55007,6,3
N,2307,6,8,16
36539,6,9
97983,6,3
83643,6,2
24294,6,5
89199,6,5
32486,6,5
39908,6,2
81301,6,6
36481,6,9
50750,6,9
73254,6,6
38615,6,7
57022,6,2
30279,6,4
87654,6,4
26724,6,1
N,2255,6,8,16
34515,6,2
90459,6,3
61158,6,2
95975,6,9
36427,6,2
45982,6,9
93922,6,10
65123,6,3
47521,6,8
4034,6,10
24015,6,3
24263,6,4
60515,6,1
85735,6,7
29382,8,6
8198,6,6
N,2127,6,9,6
52710,6,6
56899,6,2
78809,6,9
52401,6,10
89827,6,9
97766,6,5
N,2051,6,9,10
14724,6,8
48855,6,8
30439,6,2
72611,6,3
57057,6,7
69191,6,4
89354,6,3
61409,6,9
71362,6,5
73298,6,10
N,2242,6,10,7
81123,6,5
15395,6,10
81627,6,4
57059,6,7
35928,6,5
81127,6,4
39590,6,10
N,1793,6,10,16
31429,6,3
39655,6,5
2090,6,6
71257,6,1
44583,6,8
4164,6,6
14387,6,2
77527,6,7
73439,6,8
64677,6,3
13543,6,8
91751,6,6
23969,6,1
32277,6,6
22087,6,8
86209,6,3
N,674,6,8,9
19918,6,8
92741,6,1
5771,6,7
63968,6,9
36327,6,2
28260,6,6
46752,6,9
72422,6,8
81639,6,9
N,2303,6,10,5
6125,6,4
5171,6,3
65255,6,9
55121,6,1
95837,6,3
N,1794,6,10,17
70631,6,2
48595,6,4
87767,6,6
15958,6,3
61031,6,7
1822,6,1
28311,6,9
88286,6,1
97375,6,3
60903,6,6
23783,6,6
97271,6,9
89573,6,6
48838,6,9
81254,6,1
60572,6,7
5940,6,1
N,981,6,10,20
56023,6,7
6078,6,1
4031,6,6
2114,6,5
62654,6,2
89703,6,8
40631,6,9
57053,6,5
32485,6,8
63591,6,1
37471,6,6
65094,6,4
86347,6,8
30759,6,10
44694,6,9
52951,6,2
73220,6,4
48849,6,5
15843,6,1
5923,6,2
N,567,6,8,7
48583,6,8
4661,6,3
46678,6,4
31206,6,1
26695,6,4
80483,6,7
13542,6,6
N,1235,6,10,17
39527,6,2
71879,6,6
43033,6,5
40677,6,6
63202,6,1
77523,6,8
97948,6,6
72423,6,6
80771,6,3
63973,6,1
65127,6,10
89831,6,8
79798,6,1
16055,6,2
81475,6,8
97411,6,10
29815,6,2
N,2195,6,8,10
86581,6,9
24164,6,9
73319,6,8
1959,6,10
77249,6,9
46791,6,3
57031,6,4
81366,6,1
56880,6,4
12355,6,4
N,1271,6,8,14
71901,6,5
14055,6,2
12929,6,6
40670,6,3
37990,6,1
28391,6,8
28390,6,5
27367,6,7
47759,6,3
56390,6,1
89831,6,5
48203,6,8
5675,6,3
23774,6,5
N,1120,6,10,8
16851,6,5
23975,6,6
6213,6,2
40294,6,6
87891,6,3
73222,6,9
89503,6,4
10279,6,2
N,1267,6,8,10
98002,6,10
64605,6,2
64101,6,6
15586,6,10
72919,6,9
92903,6,10
95335,6,6
96931,6,4
87619,6,6
47571,6,5
N,1015,6,8,9
13526,6,4
1596,6,4
6194,6,1
72351,6,5
27959,6,6
92270,6,1
56761,6,1
16039,6,5
27847,6,10
N,2943,6,10,12
69798,6,5
39583,6,5
68191,6,10
5183,6,1
84963,6,9
31322,6,9
31431,6,3
46275,6,8
71750,6,3
95975,6,6
65140,6,7
5671,6,2
N,1123,6,10,12
21731,6,10
24261,6,1
81319,6,9
64215,6,4
97891,6,3
62623,6,3
96167,6,9
44759,6,4
21635,6,7
64151,6,6
40655,6,9
47575,6,5
N,1203,6,9,11
22437,6,3
73403,6,5
98005,6,6
48350,6,9
93705,6,8
68827,6,10
89575,6,1
54917,6,9
89763,6,3
4166,6,8
31311,6,4
N,2229,6,9,6
40679,6,9
6071,6,10
31460,6,3
80996,6,9
69092,6,7
64962,6,1
N,159,6,8,18
98023,6,9
74951,6,10
32471,6,5
65062,6,7
58087,6,7
45660,6,5
48604,6,5
32095,6,4
92387,6,1
89217,6,9
85287,6,1
88798,6,8
11079,6,4
97999,6,4
27749,6,7
39527,6,7
60799,6,4
73158,6,10
N,1265,6,9,20
23906,6,3
37991,6,8
97765,6,3
81623,6,5
21715,6,4
93927,6,2
62373,6,7
23654,6,7
26639,6,8
5429,6,4
40423,6,8
48543,6,8
48215,6,8
98022,6,2
50407,6,4
11479,6,10
97895,6,2
85191,6,8
14854,6,8
26853,6,7
N,323,6,10,15
72997,6,8
9694,6,2
56615,6,2
48357,6,9
87711,6,10
71879,6,4
89511,6,8
63185,6,6
40327,6,6
36550,6,4
39911,6,9
46799,6,3
69334,6,1
44583,6,2
83679,6,9
N,1027,6,10,19
79077,6,1
15286,6,9
64175,6,4
6215,6,4
23397,6,6
95343,6,7
63167,6,9
72135,6,2
89829,6,4
24999,6,6
57063,6,1
47587,6,10
32487,6,4
47283,6,10
6211,6,10
57041,6,4
19895,6,9
62838,6,1
28389,6,2
N,2291,6,8,11
89574,6,1
89767,6,7
64476,6,1
97953,6,4
43184,6,1
89683,6,2
50917,6,10
97999,6,4
8115,6,5
64984,6,2
5159,6,1
N,1919,6,9,9
24287,6,1
81509,6,9
55399,6,10
64099,6,1
17639,6,6
48739,6,9
50327,6,3
29414,6,6
64724,6,7
N,1129,6,8,14
40391,6,2
20515,6,9
9975,6,6
48611,6,3
80601,6,4
16102,6,2
56485,6,2
11598,6,1
65127,6,2
44519,6,10
56875,6,2
32449,6,6
52935,6,5
3,6,2
N,1735,6,10,15
84799,6,3
64679,6,1
60949,6,1
32337,6,10
34516,6,10
11942,6,3
97891,6,2
15775,6,8
24262,6,3
10759,6,8
6023,6,2
4123,6,9
72932,6,10
85643,6,6
96997,6,1
N,909,6,10,11
41671,6,9
85639,6,3
9283,6,4
73438,6,5
93799,6,7
40585,6,6
11063,6,6
62686,6,3
31247,6,3
80599,6,9
70243,6,1
N,193,6,8,18
23511,6,6
32358,6,3
69337,6,1
23271,6,10
21991,6,9
10293,6,7
73047,6,9
11469,6,9
89828,6,1
96934,6,1
23745,6,1
73407,6,2
59087,6,4
78559,6,3
76494,6,5
22141,6,4
23122,2,5
64191,6,8
N,299,6,8,7
64735,6,5
73355,6,10
53251,6,3
24549,6,2
84187,6,2
48869,6,2
56797,6,5
N,479,6,8,18
89183,6,2
32231,6,10
56995,6,6
36071,6,4
32479,6,8
98015,6,4
56325,6,4
40576,6,4
4071,6,5
72737,6,10
1798,6,8
9590,6,2
95962,6,5
89799,6,6
48849,6,6
24028,6,1
57046,6,6
87778,6,4
N,2306,6,8,10
85470,6,5
39517,6,4
94814,6,2
56349,6,4
16091,6,8
1783,6,6
89574,6,5
89315,6,6
41950,6,2
78170,6,10
N,1281,6,9,5
13285,6,10
77283,6,5
38101,6,4
40653,2,1
97383,6,6
N,294,6,8,10
79555,6,9
72915,6,8
22182,6,6
5062,6,10
97750,6,1
77287,6,1
76843,6,1
98023,6,5
22814,6,4
67274,6,1
N,1791,6,10,10
15060,6,6
73423,6,4
21735,6,6
86737,6,5
90269,6,4
24677,6,9
78046,6,10
54983,6,8
24245,6,1
23013,6,5
N,1841,6,8,5
81543,6,3
43995,6,8
79556,6,6
89574,6,9
89813,6,2
N,2259,6,9,14
65218,6,1
24069,6,3
14790,6,7
2083,6,7
64663,6,6
15490,6,3
38046,6,7
36581,6,2
31326,6,7
55005,6,2
2995,6,6
97955,6,7
73891,6,9
39639,6,7
N,2819,6,10,18
6198,6,8
15382,6,8
60882,6,8
76740,6,4
44709,6,7
48550,6,4
76711,6,3
62119,6,7
97926,6,3
85477,3,1
65251,6,6
56833,6,10
93856,6,10
52700,6,8
48863,6,3
69859,6,10
89767,6,7
16055,6,4
N,2119,6,10,19
89639,6,3
70967,6,9
72919,6,9
20194,6,5
23783,6,8
48775,6,4
71842,6,3
40671,6,5
44711,6,3
30947,6,4
13607,6,1
48854,6,4
39575,6,4
55647,6,7
20702,6,5
89758,6,3
93895,6,10
26207,6,1
28387,6,3
N,2815,6,10,20
48839,6,6
55975,6,1
48671,6,5
71111,6,3
22349,6,4
54035,6,3
44740,6,5
62999,6,6
65183,6,4
85701,6,9
81095,6,3
98023,6,10
47556,6,7
93887,6,10
89759,6,9
68515,6,4
98531,6,9
27859,6,3
48526,6,9
4662,6,9
N,2145,6,9,13
71367,6,8
72926,6,6
19943,6,7
96945,6,2
72918,6,4
32447,6,2
55007,6,9
6167,6,7
89637,6,6
81627,6,9
96825,6,9
9927,6,8
3636,6,9
N,770,6,9,19
46293,6,6
47588,6,1
40630,6,8
53863,6,10
95972,6,4
48743,6,10
40374,6,7
60903,6,9
72420,6,7
1959,6,4
63718,6,1
73253,6,1
40387,6,6
45907,6,3
16023,6,5
15687,6,2
88758,6,5
76877,6,6
96851,6,1
N,267,6,9,18
8879,6,7
32087,6,5
48356,6,1
93539,6,7
18143,6,9
63173,6,9
40673,6,10
65125,6,6
92867,6,2
77413,6,4
61975,6,3
89783,6,2
38118,6,10
23270,6,3
11751,6,5
65061,6,3
80865,6,10
89767,6,8
N,2766,6,8,17
69863,6,8
83163,6,5
57650,6,6
50599,6,8
63166,6,8
78551,6,4
97891,6,2
1734,6,10
39460,6,3
54947,6,8
73380,6,5
65123,6,3
52931,6,2
31815,6,2
27974,6,6
13287,6,5
32134,6,5
N,235,6,8,16
81415,6,4
59237,6,1
70885,6,9
64207,6,5
39879,6,8
97507,6,2
24038,6,2
47774,6,3
23079,6,4
34527,6,7
96967,6,10
22724,6,5
30949,6,10
40613,6,1
80601,6,3
73295,6,10
N,2035,6,9,8
73359,6,7
47713,6,9
13527,6,3
23446,6,7
31815,6,7
36511,6,1
52967,6,8
74214,6,9
N,2243,6,9,14
46679,6,6
89607,6,4
13142,6,4
92350,6,5
72933,6,7
38715,6,4
98021,6,8
7683,6,1
15935,6,4
76645,6,5
51923,6,1
56795,6,8
34023,6,10
13649,6,1
N,1187,6,10,9
85700,6,5
15679,6,9
80599,6,6
11962,6,4
40679,6,7
95191,6,9
64983,6,9
24284,6,4
69286,6,9
N,217,6,9,20
61605,6,1
85315,6,2
80615,6,4
89239,6,2
37825,6,2
15583,6,3
97958,6,1
97383,6,8
31075,6,1
55363,6,3
61003,6,10
36262,6,5
60614,6,8
5825,6,9
23213,6,7
32487,6,8
24263,6,5
32070,6,1
65235,6,8
48871,6,1
N,1795,6,9,6
71371,6,7
32358,6,3
6157,6,10
64739,6,7
57063,6,10
5959,6,6
N,2991,6,10,15
48547,6,5
56962,6,2
98012,6,7
17381,6,3
32283,6,10
81638,6,10
76519,6,2
54991,6,10
65253,6,10
40094,6,9
32407,6,10
97807,6,6
81472,6,9
64739,6,8
64655,6,4
N,1272,6,9,7
4094,6,4
65247,6,2
32479,6,7
33382,6,10
40404,6,9
65231,6,2
71067,6,5
N,1234,6,10,19
6207,6,1
52903,6,1
62171,6,4
97894,6,10
73446,6,6
70692,6,4
95973,6,7
24279,6,2
89375,6,9
32261,4,6
89827,6,8
48855,6,9
80551,6,1
81635,6,7
65059,6,7
54243,6,7
72864,6,2
88951,6,5
60902,6,2
N,2275,6,8,18
95895,6,7
15015,6,2
8519,6,10
94795,6,6
73411,6,7
73223,6,2
40626,6,7
81349,6,9
88773,6,8
57017,6,8
54495,6,1
54999,6,6
78555,6,1
92886,6,6
42630,6,3
60511,6,4
5191,6,6
39627,6,10
N,201,6,10,17
47542,6,2
98023,6,7
6111,6,9
21860,6,1
81639,6,4
39579,6,9
43671,6,9
57047,6,3
64855,6,2
47782,6,9
89763,6,10
14997,6,3
5063,6,3
87263,6,9
72911,6,2
54439,6,3
80303,6,4
N,73,6,10,17
5531,6,8
16098,6,9
28902,6,8
52935,6,1
88225,6,2
76899,6,9
65246,6,2
72679,6,2
14033,6,1
56015,6,1
6086,6,8
1936,6,3
40670,6,3
15367,6,5
97895,6,7
36287,6,9
48455,6,4
N,1659,6,9,6
32486,6,3
13895,6,5
88163,6,7
42215,6,1
73187,6,5
83623,6,6
N,1251,6,10,11
16081,6,7
20161,6,7
24287,6,2
39573,6,1
61125,6,2
80614,6,9
38113,6,10
22054,6,7
88791,6,4
56805,6,6
79463,6,2
N,2819,6,8,19
84636,6,2
68295,6,7
56455,6,10
62942,6,1
56755,6,5
81367,6,5
57061,6,5
93891,6,1
43093,6,8
65253,6,1
23205,6,1
15353,6,9
23975,6,2
48669,6,10
89751,6,3
11651,6,10
57,6,5
14547,6,1
82829,6,9
N,1667,6,9,7
97927,6,7
20193,6,9
97437,6,3
55011,6,10
28271,6,8
13671,6,6
24007,6,9
N,131,6,9,9
57061,6,8
73063,6,10
46525,6,5
57062,6,1
68199,6,1
5123,6,4
22180,6,7
11175,6,7
87522,6,1
N,1279,6,8,17
93653,6,10
48869,6,8
38471,6,3
97951,6,1
93782,6,4
40335,6,7
42406,6,3
37374,6,9
80839,6,9
55654,3,6
63101,6,2
71207,6,9
97963,6,9
52189,6,7
43426,6,3
16095,6,9
37599,6,6
N,322,6,10,8
40647,6,1
3909,6,6
93734,6,6
82074,6,9
6151,6,7
48471,6,10
61119,6,2
62934,6,7
N,298,6,9,7
39382,6,9
45502,6,3
64164,6,8
35550,6,10
20174,6,7
76510,6,3
10831,6,9
