N,1186,7,7,9
19942,7,9
74215,7,1
40411,7,1
21957,7,5
77265,7,2
89303,7,4
47830,7,2
44775,7,9
3127,7,4
N,706,7,6,19
11199,7,6
81631,7,7
64827,7,3
71767,7,3
66243,7,10
72372,7,6
19619,7,1
85700,7,9
24071,7,9
64485,7,9
6110,7,10
32219,7,6
36438,7,3
38853,7,5
10171,7,1
69839,7,3
99966,7,10
46566,7,4
31807,7,2
N,323,7,6,9
88615,7,10
24223,7,8
55381,7,3
82151,7,5
52966,7,1
46791,7,6
80565,7,9
61597,7,10
11417,7,5
N,2541,7,7,13
48855,7,9
22967,7,5
72933,7,1
83507,7,5
89287,7,9
14051,7,4
24166,7,10
48599,7,2
15847,7,9
89607,7,8
20191,7,2
30919,7,5
48871,7,2
N,1115,7,6,9
88839,7,3
11926,7,2
55971,7,8
67463,7,7
32307,7,5
81631,7,6
14037,7,5
15649,7,5
89831,7,4
N,331,7,7,14
95975,7,4
81639,7,8
64103,7,5
62435,7,10
93591,7,1
25573,7,4
81087,7,3
87120,7,2
40349,7,10
6213,7,6
63078,7,3
65119,7,7
48855,7,2
56035,7,1
N,2755,7,7,7
73183,7,1
48295,7,4
71251,7,5
56855,7,1
15591,7,10
2883,7,5
70879,7,1
N,2179,7,6,7
73958,7,8
5691,7,7
54439,7,9
40407,7,1
16069,7,6
97509,7,3
23877,7,8
N,2123,7,6,10
81302,7,10
32223,7,10
15950,7,8
77286,7,9
11622,7,3
55898,7,1
1765,7,3
32229,7,10
43741,7,6
97891,7,5
N,2179,7,6,10
97947,7,1
65253,7,5
89815,7,1
80542,7,7
30438,7,8
56007,7,5
32311,7,5
65207,7,1
36909,7,9
23779,7,3
N,323,7,6,9
20065,7,7
23519,7,1
89654,7,4
52897,7,5
79059,7,8
31394,7,3
46279,7,1
93530,7,6
59603,7,5
N,203,7,7,11
26342,7,1
14045,7,5
18131,7,9
47317,7,3
36199,7,2
19849,7,9
80722,7,8
81634,7,2
39195,7,5
19167,7,2
16055,7,6
N,1192,7,6,9
34375,7,2
5887,7,4
47287,7,2
5191,7,5
55493,7,9
89787,7,4
63196,7,7
97571,7,10
48871,7,6
N,2305,7,6,6
5955,7,6
48706,7,4
16731,7,10
37989,7,5
75427,7,4
10575,7,6
N,1496,7,7,20
15839,7,10
81123,7,4
85731,7,9
97735,7,10
86758,7,10
73317,7,1
75493,7,6
64743,7,4
87703,7,6
40390,7,1
32293,7,9
73293,7,1
16087,7,2
48839,7,1
56527,7,7
72101,7,6
47842,7,5
19804,7,9
48775,7,6
19943,7,10
N,2018,7,6,15
15013,7,5
42407,7,7
81639,7,8
32358,7,2
65111,7,3
97761,7,7
32455,7,9
40647,7,6
72415,7,4
40623,7,10
62875,7,3
88795,7,9
80871,7,8
15077,7,2
69063,7,5
N,2228,7,6,16
40356,7,2
31005,7,2
6117,7,6
71379,7,9
3430,7,9
29671,7,1
14751,7,5
72020,7,5
89695,7,5
6076,7,9
56903,7,2
32479,7,2
64091,7,9
71063,7,8
79591,7,2
77391,7,1
N,2731,7,6,6
3589,7,7
90839,7,2
13383,7,9
68899,7,9
48836,7,1
16059,7,4
N,1251,7,6,6
73427,7,10
90846,7,10
77340,7,3
29773,7,4
6843,7,7
95559,7,4
N,1214,7,7,13
64743,7,5
14151,7,7
6727,10,4
63174,7,9
72161,7,8
48867,7,10
89510,7,9
71079,7,5
4998,7,4
97742,7,1
60125,7,4
9895,7,2
75415,7,4
N,331,7,6,5
83047,7,2
92613,7,2
95715,7,8
2113,7,2
24247,7,5
N,2226,7,7,18
56422,7,5
97959,7,6
10983,7,4
67367,7,9
97438,7,9
79591,7,2
80085,7,4
84575,7,3
88740,7,3
63183,7,9
48031,7,2
95889,7,2
24161,7,9
24295,7,6
57063,7,3
89143,7,2
47587,7,4
79839,7,7
N,2720,7,6,7
39655,7,2
15456,7,10
5639,7,9
16103,7,4
95652,7,9
4607,7,10
24295,7,6
N,2163,7,7,13
14990,7,9
48838,7,5
98021,7,2
88046,7,1
40511,7,8
48483,7,4
72355,7,4
22882,7,9
64660,7,1
89829,7,7
46563,7,3
47573,7,7
85062,7,4
N,2786,7,7,18
40679,7,1
14041,7,2
56363,7,1
82662,7,5
61149,7,3
2591,7,2
28347,7,4
68063,7,6
6151,7,1
56999,7,5
32967,7,2
16103,7,9
40660,7,6
63823,7,4
72807,7,6
64871,7,6
52951,7,9
1077,7,5
N,1235,7,7,19
45797,7,8
16100,7,10
36886,7,1
63959,7,4
95973,7,9
12899,7,6
48831,7,8
80607,7,10
73312,7,10
16085,7,6
36551,7,9
54661,7,3
20191,7,6
35815,7,8
80611,7,5
27107,7,9
76759,7,9
76775,7,2
92890,7,2
N,749,7,6,11
32471,7,2
29390,7,2
4053,7,6
81316,7,5
11553,7,10
28037,7,6
55237,7,8
24857,7,8
40291,7,7
52757,7,9
23509,7,8
N,1505,7,6,7
77519,7,6
77526,7,7
32478,7,3
71335,3,9
47670,7,8
78055,7,7
75493,7,5
N,312,7,6,14
48606,7,10
44757,7,5
16029,7,2
48855,7,5
85171,7,6
16098,7,4
27969,7,10
52935,7,3
24155,7,10
72103,7,6
6703,7,4
89669,7,2
65251,7,6
39503,7,8
N,2019,7,7,5
30439,7,4
23623,7,6
23271,7,7
15975,7,5
1855,7,9
N,1267,7,7,11
2087,7,9
65167,7,8
80038,7,3
81617,7,4
79573,7,10
22663,7,10
11831,7,2
19912,7,3
42711,7,4
93343,7,7
92855,7,10
N,125,7,6,7
28343,7,8
15811,7,3
63713,7,1
65239,7,1
4095,7,5
56039,7,5
81463,7,10
N,2051,7,6,12
64615,7,8
61094,7,3
85558,7,8
46542,7,2
1329,7,8
81567,7,5
59079,7,10
5191,7,1
72930,7,4
77414,7,9
8757,7,6
85094,7,7
N,2282,7,7,16
55461,7,8
48739,7,9
52964,7,2
35485,7,1
63591,7,8
77527,7,2
6183,7,2
30623,7,3
97191,7,2
23738,7,5
31704,7,3
48479,7,6
9795,7,9
14039,7,9
89536,7,2
93794,7,1
N,1786,7,7,16
88708,7,4
48407,7,6
40134,7,7
80327,7,8
71262,7,7
439,7,6
71839,7,4
87775,7,8
60995,7,8
99751,7,2
79586,7,6
80031,7,6
81127,7,9
72934,7,7
30299,7,4
71335,7,2
N,2173,7,6,14
88769,7,2
60642,7,4
89623,7,10
16030,7,6
56919,7,8
29903,7,5
89830,7,10
49975,7,6
97506,7,4
5701,7,4
80567,7,7
95919,7,10
97507,7,9
56991,7,9
N,1183,7,6,20
70231,7,3
26823,7,8
19175,7,3
73447,7,5
43667,7,10
22247,10,7
64933,7,3
6212,7,6
73446,7,3
81615,7,10
64226,7,1
2118,7,4
63015,7,3
15917,7,3
97351,7,7
89823,7,1
15975,7,4
32199,7,8
30295,7,7
4102,7,10
N,195,7,6,19
13911,7,10
85639,7,3
73439,7,9
72639,7,6
19555,7,8
5727,7,4
69095,7,4
65155,7,10
19975,7,4
89251,7,4
80307,7,1
12894,3,7
3907,7,1
80549,7,2
5921,7,4
5063,7,4
58069,7,1
64263,7,7
38295,7,5
D,7,6
D,7,8
D,7,4
D,7,9
D,7,4
T
N,2273,7,6,17
2116,7,4
88537,7,7
18925,7,7
51854,7,9
20197,7,9
40383,7,9
97878,7,10
56805,7,2
48483,7,5
5189,7,8
6103,7,9
32031,7,7
72935,7,1
63203,7,6
16103,7,4
69023,7,1
58087,7,5
S,7,6,16,40
T
P,9,6,1143,3862.63
P,7,7,1283,3372.04
N,1283,7,7,18
97345,7,8
64870,7,7
83157,7,1
44230,7,10
32355,7,5
89759,7,3
32471,7,1
46671,7,6
62935,7,8
56003,7,2
72373,7,7
23163,7,1
56145,7,8
83687,7,4
15329,7,4
6087,7,9
89695,7,7
44759,7,3
R,7,7,331
P,7,6,2143,1526.48
P,7,6,2161,2924.82
P,7,6,771,704.15
S,7,7,16,28
D,7,8
T
P,5,10,1790,1576.34
D,7,2
T
N,1745,7,7,9
30119,7,3
15079,7,1
72919,7,10
95622,7,9
16094,7,10
40166,7,3
14407,7,2
97883,7,6
48599,7,4
N,1178,7,6,13
46631,7,9
94819,7,9
73381,7,8
37395,7,2
76255,7,4
47949,7,5
18151,7,10
71398,7,6
47567,7,2
95975,7,3
32486,7,2
35286,7,8
12268,7,7
N,1023,7,6,19
96999,7,5
44773,7,1
14679,7,4
64343,7,9
14673,7,2
15583,7,7
32100,7,6
9863,7,1
89815,7,3
80100,7,10
42422,7,4
75428,7,7
55492,7,10
6214,7,8
88781,7,2
85600,7,7
6211,7,5
86695,7,8
40359,7,6
N,1250,7,7,17
13541,7,3
52350,7,10
81111,7,10
30950,7,7
77535,7,4
9991,7,10
63078,7,3
56546,7,7
88799,7,10
55015,7,9
87705,7,7
32343,7,5
60903,7,4
86727,7,5
80733,7,6
98019,7,4
33231,7,1
N,2257,7,6,6
56218,7,9
53989,7,6
72871,7,10
87636,7,8
31938,7,9
75725,7,10
N,2291,7,6,10
68837,7,9
48738,7,3
40641,7,2
84709,7,5
21187,7,5
18087,7,6
65175,7,9
80183,7,6
77031,2,3
15573,7,9
N,463,7,6,19
73364,7,4
7239,7,10
24263,7,3
80483,7,8
97988,7,10
77474,7,1
93031,7,5
25758,7,3
39578,7,5
40166,7,2
27911,7,6
16103,7,2
15589,7,10
48871,7,3
4903,7,8
6085,7,3
88654,7,8
56294,7,2
89831,7,2
N,2307,7,7,19
5883,7,4
29903,7,8
48790,7,1
89635,7,7
60101,7,5
92438,7,7
5154,7,9
13886,7,8
14951,7,1
15400,7,4
30403,7,3
24157,7,10
69863,7,7
65095,7,10
64737,7,3
55739,7,8
52455,7,10
73397,7,8
80999,7,6
N,1515,7,6,5
73171,7,1
56039,7,9
89821,7,6
4931,8,2
61143,7,7
N,198,7,7,11
71105,7,1
70885,7,5
46595,7,8
24279,7,7
87718,7,1
12199,7,5
75467,7,10
73294,7,8
5699,7,1
51389,7,9
34519,7,7
N,2179,7,7,7
27173,7,8
11990,7,8
97763,7,5
96483,7,3
40647,7,5
63123,7,7
32295,7,9
N,2307,7,6,5
80487,7,2
80471,7,8
79461,7,1
23782,7,2
14005,7,5
N,121,7,6,18
24159,7,3
93347,7,9
95966,7,9
11765,7,4
30438,7,5
40598,7,3
50614,7,7
15583,7,3
31757,7,6
3605,7,5
29389,7,8
10982,7,5
32483,7,5
48863,7,3
88805,7,3
48805,7,6
48838,7,6
63107,7,9
N,2299,7,6,18
63191,7,5
65237,7,3
97243,7,9
73443,7,8
76999,7,7
31940,7,7
93495,7,7
24119,7,2
48053,7,7
32347,7,3
98023,7,2
40015,7,6
33485,7,6
44518,7,9
11988,7,5
97415,7,1
73415,7,2
13028,7,2
N,473,7,6,19
91623,7,8
98007,7,1
12001,7,9
59487,7,3
92519,7,3
38114,7,1
18404,7,7
93331,7,1
5126,7,6
10951,7,1
31461,7,2
63083,7,2
54463,7,9
14628,7,4
38099,7,10
56679,7,2
53931,7,5
38101,7,1
47335,7,9
N,1283,7,6,5
44229,7,2
79575,7,9
88228,7,1
72294,7,4
97435,7,5
N,667,7,7,17
46777,7,6
40422,7,2
64385,7,6
15747,7,1
81639,7,3
65062,7,3
24286,7,10
14885,7,1
64704,7,3
6151,7,2
98023,7,4
89815,7,10
53941,7,9
13025,7,10
79590,7,7
55527,7,10
24231,7,7
N,230,7,6,16
96807,7,1
47826,7,4
22281,7,1
64947,7,8
1607,7,10
56415,7,6
89777,7,1
40107,7,2
40279,7,7
12308,7,6
70871,7,4
97878,7,8
70943,7,4
62163,7,3
81631,7,10
81634,7,6
N,320,7,6,6
12038,7,2
19927,7,7
48765,7,7
87501,7,5
40537,7,7
57057,7,3
N,1120,7,6,18
40166,7,7
56231,7,2
92231,7,6
45789,7,3
94311,7,7
16094,7,5
95271,7,3
40523,7,5
34469,7,8
32477,7,10
30055,7,8
90215,7,10
97479,7,9
16103,7,7
96967,7,10
14027,7,10
24011,7,3
81637,7,5
N,2179,7,6,14
35615,7,6
27070,7,4
43492,7,7
38493,7,2
88645,7,3
40670,7,7
48415,7,3
53807,7,2
22199,7,9
24030,7,6
64925,7,9
40031,7,1
22179,7,5
79527,7,2
N,894,7,7,8
30759,7,9
81639,7,3
40631,7,9
56807,7,10
18071,7,3
52901,7,8
40663,7,7
16070,7,7
N,5,7,6,19
54503,7,2
69075,7,2
30435,7,7
63079,7,5
80359,7,10
32354,7,8
33683,7,5
73382,7,4
34519,7,3
23235,7,2
16100,7,8
5779,7,7
80582,6,9
48811,7,8
23013,7,1
6163,7,4
26311,7,8
55507,7,2
2975,7,7
N,2171,7,6,5
90758,7,3
35943,7,7
77533,7,6
2083,7,4
11878,7,6
N,2275,7,6,6
44375,7,3
81314,7,10
25306,7,3
48860,7,7
55963,7,4
98005,7,10
N,2883,7,6,14
29475,7,7
79589,7,10
89815,7,3
63015,7,6
44643,7,6
32435,7,10
54242,7,2
16071,7,6
97423,7,3
8185,7,4
26850,7,2
84666,7,5
57027,7,5
32199,7,10
N,135,7,6,17
55015,7,2
23075,7,6
84199,7,9
27839,7,6
39094,7,1
28295,7,7
44758,7,4
31383,7,10
22167,7,6
39643,7,3
10762,7,9
25782,7,5
85983,3,5
72927,7,5
3335,7,1
63029,7,9
52859,7,8
N,769,7,6,9
89319,7,2
57063,7,2
96903,7,8
71253,7,3
4765,7,7
28346,7,6
67807,7,8
15967,7,9
56871,7,5
N,649,7,6,12
53447,7,9
40679,7,1
39125,7,9
31462,7,3
68899,7,8
38551,7,4
86693,7,8
65075,7,5
28262,7,4
20019,7,1
73349,7,5
4647,7,2
N,2291,7,6,18
23647,7,5
48806,7,3
65090,7,1
24287,7,8
6079,7,6
4127,7,1
73411,7,5
79591,7,1
19107,7,3
28295,7,10
29414,7,4
22647,7,7
28295,7,9
39519,7,3
81381,7,2
87031,7,8
16103,7,2
44631,7,7
N,2259,7,6,12
44231,7,8
36519,7,4
5527,7,8
28387,7,9
23257,7,2
70117,7,8
20991,7,8
4423,7,3
39461,7,9
86695,7,3
24229,7,2
38631,7,5
N,123,7,7,11
55013,7,3
86759,7,7
14021,7,8
16038,7,6
36421,7,2
54391,7,7
38611,7,8
73356,7,9
28254,7,10
56223,7,7
46311,7,9
N,264,7,7,5
97383,7,1
71397,7,4
6147,7,6
64847,7,8
34519,7,5
N,1579,7,6,12
20966,7,9
80483,7,10
63687,7,9
35542,7,3
56231,7,7
70663,7,9
20197,7,9
13022,7,5
81382,7,5
73086,7,10
57047,7,8
72935,7,1
N,202,7,7,20
14037,7,6
89191,7,10
43958,7,4
88999,7,6
59110,7,8
51935,7,6
72341,7,1
39474,7,3
3399,7,6
61123,7,1
73191,7,5
31751,7,10
73319,7,6
95063,7,7
87774,7,10
11357,7,3
2015,7,9
3975,7,7
40533,7,4
48161,7,7
N,1207,7,7,12
10887,7,4
48321,7,5
8519,7,8
78404,7,8
96991,7,3
65223,7,9
53683,7,1
93907,7,1
5191,7,8
56994,7,7
6151,7,3
48807,7,4
N,329,7,7,6
92770,7,6
86630,7,8
40103,7,8
68839,7,6
57046,7,3
23523,7,8
N,2035,7,7,5
96719,7,4
48357,7,7
32453,7,4
58325,7,9
22086,7,4
N,947,7,6,5
32463,7,2
63898,7,8
72301,7,1
27469,7,3
11960,7,4
N,2239,7,7,7
61821,7,9
88717,7,6
9671,7,6
4025,7,7
80133,7,4
32454,7,10
93863,7,9
N,1785,7,6,18
60902,7,7
5611,7,10
97621,7,8
11695,7,9
48793,7,3
52710,7,3
15975,7,9
15367,7,1
63206,7,6
48479,7,3
93863,7,6
17573,7,10
16551,10,6
16052,7,9
43583,7,3
85649,7,9
97697,7,1
23398,7,10
N,1283,7,7,7
56737,7,6
15494,7,3
15299,7,5
94695,7,1
6183,7,7
64932,7,9
70886,7,7
N,43,7,7,11
89319,7,6
40671,7,7
48199,7,7
30407,7,5
67142,7,4
43687,7,3
67295,7,7
84967,7,8
8902,7,8
38406,7,8
56037,7,6
N,2307,7,7,19
20007,7,5
85127,7,9
31455,7,4
40258,7,6
83644,7,7
56963,7,6
72849,7,5
22175,7,4
73421,7,7
30743,7,1
18079,7,6
93887,7,6
28359,7,2
96957,7,3
40039,7,3
71389,7,3
83671,7,4
72039,7,10
64911,7,7
D,7,3
N,1009,7,6,19
47763,7,7
46822,7,10
65126,7,10
40679,7,10
20101,7,9
55188,7,8
80339,7,10
72973,7,5
42727,7,9
81126,7,1
40647,7,2
26983,7,5
48805,7,4
88477,7,5
56747,7,5
93607,7,8
89791,7,5
32482,7,6
55959,7,6
P,7,6,2819,1165.02
P,7,7,1283,1353.76
P,7,6,2048,1057.48
P,7,6,1231,1768.4
P,7,6,314,1410.13
P,7,6,1075,4836.13
P,7,7,2243,3879.11
P,7,7,1255,4846.24
P,7,7,331,2640.2
P,7,6,2883,1896.41
P,7,7,2901,1812.95
P,7,6,947,2572.12
N,267,7,6,20
9799,7,6
6175,7,4
38071,7,4
6206,7,7
69039,7,5
40672,7,6
14935,7,3
73447,7,2
40678,7,6
69343,10,3
6086,7,6
14951,7,6
8883,7,4
36422,7,2
72823,7,5
81383,7,8
1031,7,8
72675,7,3
89447,7,3
13603,7,1
D,7,4
D,7,3
D,7,10
P,7,6,256,1542.76
I,7,7,29
S,7,6,11,40
P,7,6,763,4207.49
P,7,7,1695,4126.12
P,7,7,2305,4326.27
N,1281,7,7,9
14051,7,3
20671,7,8
5974,7,8
46811,7,1
86727,7,5
71107,7,3
77223,7,2
89346,7,5
65255,7,9
P,7,7,2273,4095.88
N,1749,7,6,17
19079,7,5
28387,7,3
13734,7,4
84708,7,10
6151,7,2
85188,7,9
44484,7,4
73439,7,10
96999,7,9
89826,7,7
40221,7,3
48419,7,3
75431,7,2
82915,7,3
6102,7,9
4805,7,2
36547,7,5
N,1276,7,6,8
32359,7,2
65179,7,7
20199,7,4
65062,7,9
11597,7,1
79590,7,5
39899,7,4
27270,7,6
P,7,6,235,529.97
I,7,7,21
P,4,7,1043,1972.98
P,7,6,1282,4780.88
P,7,7,2170,1425.88
N,1216,7,7,13
5649,7,3
85719,7,9
4419,7,2
65159,7,1
40599,7,5
26599,7,10
89270,7,2
53974,7,8
89831,7,8
48759,7,10
75271,7,4
23906,7,3
77922,7,5
N,1171,7,6,14
70883,7,8
65247,7,4
27367,7,5
15701,7,1
87463,7,1
81479,7,9
32303,7,4
78228,7,9
87770,7,10
32358,7,4
56935,7,3
16055,7,9
22238,7,2
65063,7,1
N,1135,7,7,9
19942,7,10
13760,7,9
89813,7,1
32389,7,9
70851,7,6
75281,7,4
61912,7,4
16035,7,4
31974,7,9
T
N,898,7,7,14
16003,7,7
15431,7,10
89831,7,9
11171,6,4
48243,7,6
19647,7,1
99815,7,4
74644,7,9
8767,7,10
38597,7,7
69319,7,6
99943,7,8
77503,7,5
89511,7,9
N,2458,7,7,10
81510,7,8
42575,7,9
64999,7,9
81618,7,8
6151,7,5
80598,7,1
5430,7,6
47821,7,8
16071,7,6
64225,7,7
N,163,7,6,11
31910,7,8
72927,7,5
97955,7,10
76997,7,9
15693,7,5
72159,7,8
75903,7,1
89540,7,10
89797,7,9
48742,7,8
77967,7,2
N,1923,7,6,16
3323,7,9
80083,7,1
67271,7,9
18686,7,2
55,7,9
47162,7,3
28386,7,5
63170,7,6
17878,7,2
72283,7,6
66087,7,1
15419,7,10
52327,7,1
80854,7,8
40375,7,7
89831,7,5
N,1084,7,6,13
73175,7,5
24291,7,10
15574,7,8
15858,7,10
39653,7,2
32484,7,8
45791,7,2
73445,7,7
4742,7,1
97895,7,10
43430,7,6
28125,7,10
14755,7,2
N,171,7,7,17
52439,7,6
28021,7,5
40037,7,2
23775,7,4
77543,7,1
20187,7,9
65187,7,4
48871,7,7
47847,7,10
64863,7,3
40670,7,1
4899,7,6
23243,7,5
39647,7,7
85699,7,8
87767,7,2
67815,7,10
N,1663,7,6,10
80447,7,9
64383,7,1
76418,7,4
8166,7,7
80797,7,7
95847,7,5
15803,7,1
24279,7,10
30815,7,6
73445,7,2
N,515,7,7,12
13991,7,7
48359,7,8
39075,7,3
88900,7,8
70375,7,4
97986,7,7
57062,7,7
23743,7,6
4551,7,2
45798,7,5
76327,7,8
53663,7,8
N,2179,7,7,5
97511,7,10
80613,7,1
32477,7,7
55511,7,9
78414,7,7
N,297,7,7,8
1730,7,10
81638,7,10
54221,7,6
69214,7,5
95462,7,8
95959,7,9
88775,7,2
31463,7,1
N,2393,7,6,13
6055,7,8
88249,7,1
89572,7,8
64485,7,6
13893,7,7
48327,7,1
44711,7,4
82231,7,7
97119,7,10
52791,7,4
88357,7,6
29347,7,3
56999,7,6
N,1010,7,7,19
14046,7,4
38467,7,6
47591,7,1
35302,7,4
63517,7,10
65095,7,3
70341,7,6
56006,7,8
48806,7,9
89477,7,10
94809,7,5
6054,7,6
93889,7,4
70814,7,2
44377,7,9
78023,7,2
27860,7,1
48825,7,2
32133,7,1
N,93,7,6,6
98405,7,5
99911,7,8
36007,7,8
19431,7,1
75359,7,4
77232,7,10
N,2168,7,7,15
55957,7,1
31462,7,2
57062,7,5
31886,7,10
47331,7,7
38275,7,1
81630,7,9
19020,7,3
7351,7,6
36290,7,10
43875,7,9
15076,7,7
40670,7,2
14660,7,10
15573,7,8
N,2305,7,7,13
24102,7,9
47744,7,9
41671,7,7
13537,7,1
47774,7,5
82151,7,2
2883,7,9
44735,7,10
52447,7,2
64791,7,7
97631,7,5
81431,7,9
44263,7,6
N,329,7,6,10
10023,7,6
39637,7,8
87783,7,8
4135,7,8
28375,7,7
21199,7,5
64196,7,4
96983,7,2
12007,7,6
3777,7,6
N,634,7,7,12
40551,7,7
98007,7,8
7235,7,8
89702,7,1
61863,7,9
11867,7,3
57030,7,5
13277,7,7
92642,7,8
65158,7,7
48838,7,9
27350,7,10
N,169,7,7,17
60994,7,5
65095,7,8
36511,7,7
16097,7,10
62031,7,2
81307,7,8
77375,7,5
81439,7,9
40372,7,1
81638,7,4
81571,7,7
44262,7,8
51301,7,10
55403,7,2
30947,7,7
6198,7,2
89298,7,6
N,2881,7,7,10
24088,7,4
40099,7,10
53094,7,8
11234,7,5
83227,7,8
57058,7,8
72279,7,10
24292,7,9
58935,7,4
52190,7,7
N,1283,7,6,9
97463,7,9
19873,7,1
72360,7,7
93653,7,1
44775,7,9
97510,7,10
72935,7,10
56412,7,4
65175,7,2
N,1264,7,7,12
5934,7,3
23003,7,8
48869,7,9
91111,7,10
89569,7,3
5174,7,8
10971,7,3
54486,7,9
65223,7,3
6171,7,6
81526,7,2
14467,7,8
N,2300,7,6,9
36391,7,6
61027,7,3
43735,7,6
57045,7,4
65235,7,5
14663,7,8
42407,7,4
15074,7,1
72359,7,5
N,2179,7,7,15
81254,7,2
6659,7,8
47291,9,1
92246,7,9
27367,7,3
32197,7,7
73446,7,10
10207,7,7
39743,7,4
3841,7,10
10725,7,9
80997,7,2
63135,7,5
12007,7,2
94919,7,7
N,2305,7,6,13
32215,7,2
71062,7,7
89495,7,2
31846,7,8
86486,7,2
46739,7,2
52663,7,2
56723,7,2
13703,7,5
15037,9,10
44718,7,6
39271,7,9
28100,3,10
N,2739,7,6,20
22223,7,10
31255,7,1
76487,7,6
51871,7,9
89319,7,10
32485,7,8
80343,7,4
24261,7,4
88463,7,1
6087,7,9
64998,7,9
96841,7,3
62117,7,1
1570,7,2
77525,7,9
38535,7,5
36519,7,7
69187,7,2
65074,7,4
85735,7,9
N,2283,7,6,6
44455,7,10
3143,7,7
72935,7,6
98023,7,8
50626,7,1
55924,7,9
N,2211,7,7,20
32355,7,10
23903,7,7
73443,7,3
14147,7,1
8231,7,7
32461,7,10
54693,7,8
56518,7,5
98016,7,7
37443,7,9
98019,7,1
18663,7,8
61067,7,8
29415,7,9
57061,7,8
23215,7,10
19927,7,7
87543,7,3
91589,7,5
31935,7,8
N,610,7,6,6
73295,7,7
98005,7,5
32230,7,1
81127,7,9
85797,7,7
3847,7,8
I,7,6,38
I,7,7,22
D,7,6
D,7,9
D,7,1
D,7,5
D,7,7
D,7,10
D,7,4
D,7,7
D,7,4
D,7,10
D,7,9
D,7,5
