T
D,8,10
D,8,1
D,8,5
D,8,4
N,165,8,1,13
50901,8,8
96895,8,1
5703,8,7
96852,8,5
40293,8,3
28383,8,4
88611,8,2
72798,8,5
92391,8,9
97511,8,9
48675,8,8
73415,8,10
89669,8,6
D,8,10
D,8,7
P,8,1,2146,66.11
P,8,1,2255,3459.92
D,8,8
D,8,8
D,8,6
D,8,9
D,8,5
D,8,8
D,8,4
O,8,2,378
D,8,1
N,2275,8,2,5
1601,8,5
37582,8,10
11827,8,9
97975,8,7
4119,8,4
N,942,8,1,17
63918,8,3
77543,8,7
44453,8,10
5927,2,5
39347,8,7
84710,8,4
30175,8,3
35814,8,9
6086,8,6
65223,8,3
15431,8,3
31269,8,4
24290,8,8
54431,8,6
54726,8,6
73438,8,8
89799,8,7
N,1793,8,2,7
15575,8,1
14743,8,9
65183,8,9
85731,8,7
5699,8,9
9703,8,4
48871,8,7
N,1122,8,1,8
73389,8,10
96402,8,8
11878,8,7
16423,8,4
9059,8,7
24295,8,6
15847,8,8
44004,8,3
N,241,8,1,18
56995,8,6
59543,8,9
5443,8,2
89317,8,6
10683,4,2
80614,8,3
23239,8,6
54982,8,10
79495,8,7
11900,8,5
81603,8,4
9715,8,1
24231,8,2
57047,8,1
15839,8,7
65215,8,6
88791,8,9
25700,8,10
N,563,8,2,9
1087,8,10
30435,8,5
15295,8,10
23135,8,2
76647,8,3
56741,8,10
9918,8,6
46759,8,2
48871,8,7
N,1274,8,1,12
65255,8,10
36431,8,6
80039,8,3
31921,8,7
48567,8,10
21959,8,2
87970,8,1
94803,8,3
4130,8,2
28135,8,9
36575,8,5
30934,6,6
N,2307,8,1,15
57023,8,8
14086,8,2
81634,8,7
15751,8,2
86720,8,6
11429,8,8
44164,8,8
47847,8,5
93911,8,5
39823,8,3
79527,8,10
57061,8,1
69103,8,3
16103,8,6
38055,8,2
N,2607,8,1,11
73443,8,8
69327,8,8
39298,8,5
24295,8,10
65222,8,8
52839,8,9
32487,8,3
39653,8,9
97990,8,3
15799,8,4
13942,8,3
N,1537,8,1,18
63205,8,2
89827,8,8
62167,8,6
48803,8,6
16039,8,3
7748,8,4
97695,8,1
72023,8,3
48871,8,6
48611,8,3
32167,8,7
81383,8,4
31591,2,6
55366,8,5
92774,8,6
97895,8,3
71,8,1
81607,8,3
N,321,8,1,11
54942,8,6
89829,8,1
89063,8,3
16015,8,1
28867,8,2
38033,8,1
32231,8,3
89702,8,8
46398,8,4
12007,8,7
64231,8,10
N,139,8,2,14
20194,8,3
23186,8,3
32167,8,5
63975,8,9
62887,8,1
47813,8,8
55855,8,7
89752,8,10
73408,8,7
93815,8,10
78531,8,9
32391,8,7
19133,8,7
57031,8,9
N,1203,8,2,15
23925,8,1
73047,8,4
15774,8,8
22183,8,6
56916,8,5
85607,8,4
36547,8,8
19247,8,10
5350,8,9
40675,8,10
16003,8,4
32463,8,10
63863,8,5
31771,8,3
80614,8,9
N,67,8,2,8
23200,8,1
15831,8,4
87178,8,7
32359,8,3
61159,8,5
39511,8,9
73191,8,9
73357,8,10
N,1027,8,1,18
69351,8,6
61374,8,8
12002,8,3
48871,8,6
19078,8,1
63191,8,9
73314,8,4
81351,8,6
26294,8,9
19877,8,10
24059,8,10
44645,8,8
64207,8,9
44726,8,6
11790,8,9
70331,8,8
32483,8,2
81634,8,3
N,251,8,2,6
39271,8,10
87628,8,4
86725,8,4
64799,8,7
16011,8,3
22239,8,8
N,1219,8,1,14
5441,8,6
4935,8,10
48419,8,9
40451,3,5
11815,8,3
85732,8,2
32095,8,7
95879,8,1
31449,8,6
61158,8,6
12007,8,7
22615,8,1
68711,8,2
42211,8,3
N,2819,8,2,5
40669,8,10
40159,8,6
98023,8,6
93791,8,7
11167,8,1
N,1259,8,1,10
16092,8,4
96967,8,2
32484,8,6
5905,8,1
44703,8,8
89558,8,8
69335,8,9
40415,8,2
65119,8,9
46503,8,3
N,2810,8,2,20
17463,8,4
62114,8,2
81623,8,5
48871,8,3
27877,8,2
65223,8,8
40615,8,4
35956,8,6
11927,8,7
46551,8,8
76314,8,7
46816,8,7
82629,8,5
91591,8,1
14023,8,8
64585,8,6
40521,8,8
65063,8,5
16102,8,9
24263,8,8
N,2259,8,1,16
97857,8,10
65121,8,6
88533,8,9
29159,8,8
97815,8,1
44710,8,6
34471,8,4
88615,8,5
15831,8,4
81619,8,10
30182,8,6
54983,8,3
45794,8,6
48866,8,6
81319,8,5
2105,8,1
N,1283,8,1,7
21657,8,1
32192,8,5
16007,8,9
3904,8,6
30139,8,3
14047,8,6
79335,8,5
N,1987,8,2,18
68324,8,3
89554,8,8
48871,8,3
8006,8,10
55875,8,10
28094,8,9
27869,8,9
5895,8,3
66715,8,9
30023,8,10
80993,8,6
87713,8,1
71079,3,8
957,8,2
5591,8,4
3138,8,6
93927,8,5
89822,8,1
N,763,8,2,12
7579,8,2
38113,8,2
80359,8,1
85410,8,8
97885,8,1
95558,8,3
56527,8,8
93888,8,4
6055,8,7
72167,8,2
14055,8,3
8263,8,6
N,1267,8,1,7
31972,8,9
88383,10,5
6213,8,9
75487,8,2
65095,8,3
90855,8,8
31287,8,10
N,106,8,1,8
2081,8,9
21990,8,3
13381,8,3
56907,8,2
52141,8,10
81607,8,4
15423,8,5
64343,8,2
N,331,8,2,19
64703,8,1
583,8,8
72331,8,3
22234,8,4
47199,8,7
42559,8,9
72935,8,3
32358,8,6
92570,8,3
8126,8,6
81638,8,5
3138,8,2
1985,8,3
65093,8,8
23781,8,3
95843,8,3
30341,8,3
53979,8,5
69317,8,8
N,1121,8,2,6
6210,8,3
88035,8,9
91751,8,10
81631,8,10
18131,8,9
81383,8,7
N,1795,8,2,13
22119,8,9
64431,8,6
31328,8,5
75044,8,5
48327,8,5
9798,8,2
15783,8,3
31719,8,10
15823,8,4
87779,8,5
89829,8,10
15847,8,10
96935,8,2
N,1236,8,1,15
40487,8,6
80088,8,6
48855,8,7
89701,8,10
48807,8,1
40678,8,4
67159,8,9
64774,8,5
24295,8,1
73419,8,6
58535,8,1
63143,8,10
82631,8,1
3829,8,6
40167,8,5
N,1133,8,2,17
40423,8,6
77286,8,4
21783,8,7
50917,8,7
23271,8,2
19071,8,5
55015,8,1
23775,8,3
24157,8,2
65188,8,10
39491,8,8
65127,8,6
23671,8,5
97927,8,10
78567,8,6
94943,8,10
64211,8,2
N,197,8,2,13
52327,8,7
89831,8,9
40551,8,8
5955,8,2
71335,8,3
61146,8,7
15186,8,6
95429,8,7
88733,8,10
77030,8,8
73447,8,6
36293,8,3
98007,8,3
N,2306,8,1,9
29911,8,2
3879,8,2
29415,8,9
87775,8,9
92391,8,4
69079,8,4
28387,8,7
96215,8,2
98017,8,3
N,2539,8,1,17
72294,8,7
23131,8,8
64071,8,10
35500,8,9
48357,8,9
72153,8,3
58946,8,3
80487,8,1
96871,8,8
48671,8,7
47523,8,8
59964,8,8
73367,8,10
88807,8,2
2108,8,7
56005,8,7
56517,8,5
N,2231,8,1,17
32487,8,5
73447,8,6
79460,8,3
24292,8,8
95399,8,2
48675,8,3
73427,8,1
25823,8,7
83623,8,5
92903,8,6
63207,8,7
15205,8,2
38115,8,4
95941,8,6
15905,8,4
64199,8,2
88905,8,7
N,119,8,2,8
22758,8,7
29159,8,5
57575,8,2
63717,8,4
4166,8,6
72870,8,4
96903,8,4
23943,8,4
N,2243,8,1,14
64098,8,4
31974,8,10
81365,8,1
90839,8,7
15943,8,1
97637,8,5
65092,8,2
54295,8,2
56993,8,7
79545,8,8
87524,8,1
79591,8,4
56471,8,6
6087,4,9
N,1215,8,2,12
16089,8,2
26335,8,9
28319,8,5
56677,8,5
15821,8,5
16087,8,5
22085,8,4
62437,8,1
73445,8,6
87701,8,5
23715,8,9
55772,8,7
N,979,8,1,8
27655,8,1
15845,8,3
64038,8,5
39355,8,9
20959,8,6
58853,8,5
98871,8,4
96955,8,6
N,315,8,1,9
8414,8,7
65236,8,5
22207,8,9
44133,8,3
34535,8,5
84198,8,6
40551,8,10
29232,8,3
1351,8,1
N,1243,8,1,17
95975,8,2
47635,8,10
98023,8,6
40659,8,5
69237,8,6
19942,8,3
89823,8,10
89191,8,4
21063,8,8
4023,8,4
22199,8,7
89749,8,8
40535,8,2
22166,8,4
97763,8,5
36579,8,2
42707,8,3
N,2049,8,1,20
15442,8,8
52964,8,9
42701,8,2
89698,8,10
63159,8,5
24131,8,8
74205,8,10
34351,8,10
47840,8,10
61025,8,6
15030,8,5
3831,8,5
31975,8,8
73447,8,1
40615,8,6
71013,8,10
62,8,7
3287,8,4
72887,8,4
81255,8,7
N,2196,8,2,14
40676,8,9
81574,8,8
40165,8,2
46567,8,9
81106,8,1
65255,8,4
37543,8,7
11235,8,2
92844,8,4
79061,8,10
64167,8,3
56807,8,10
31447,8,6
59874,8,8
N,1795,8,2,17
47822,8,1
13985,8,4
96423,8,6
34854,8,5
32231,8,1
31428,8,7
69075,8,1
84551,8,4
87463,8,10
18151,8,9
68270,8,3
15523,8,10
35486,8,2
20181,8,8
71270,8,3
74471,8,8
85709,8,8
N,609,8,1,8
81351,8,6
32403,8,2
8003,10,1
80546,8,6
88807,8,1
53835,8,7
71509,8,8
15160,8,10
N,2659,8,1,9
80991,8,4
9221,8,5
56548,8,6
88771,8,2
38625,8,2
72803,8,4
80606,8,1
39521,8,8
60575,8,1
N,1187,8,1,15
40679,8,10
65254,8,3
58019,8,1
40629,8,4
89733,8,1
96487,8,4
89590,8,4
70287,8,8
51854,8,7
16087,8,1
56527,8,7
5779,8,9
39779,8,8
73887,8,5
14695,8,8
N,1763,8,1,19
74947,8,10
14941,8,5
72123,8,1
56871,8,3
81599,8,3
61520,8,4
65255,8,10
72933,8,10
98002,8,8
11491,8,1
40164,8,1
30365,8,2
25062,8,3
97731,8,8
31317,8,3
5983,8,5
32451,8,5
16019,8,9
28310,8,4
N,1248,8,2,13
44773,8,9
5671,8,3
48259,8,9
44210,8,7
43227,8,7
86687,8,4
13975,8,8
92223,8,4
35911,8,6
5895,8,4
32485,8,10
15581,8,8
97991,8,2
N,247,8,2,6
38115,8,8
85639,8,9
46950,8,4
97863,8,5
1093,8,8
97219,8,8
N,2306,8,2,15
89251,8,1
39653,8,6
65959,8,7
24227,8,4
81505,8,3
64187,8,4
96997,8,1
96487,8,9
48852,8,6
71838,8,8
48743,8,2
48807,8,5
40103,8,7
32015,8,8
31325,8,8
N,1267,8,2,18
18575,8,3
48276,8,9
46743,8,2
71886,8,3
13527,8,3
89675,8,6
26583,8,1
48717,8,6
2619,8,10
89318,8,5
91866,8,5
81510,8,5
56789,8,5
89569,8,7
79170,8,7
56926,8,9
65115,8,1
32349,8,8
N,2306,8,2,9
62966,8,10
63171,8,3
5164,8,10
87783,8,6
8103,8,6
96995,8,10
65251,8,9
31195,8,2
80551,2,8
N,34,8,1,9
57045,8,8
29411,8,6
11314,8,10
62950,8,10
65255,8,9
24227,8,2
72164,8,6
13522,8,10
36376,8,10
N,2803,8,1,18
81637,8,6
87095,8,6
71814,8,10
37789,8,5
5894,8,5
22692,8,4
9804,8,3
39911,8,7
89719,8,7
88294,8,3
55015,8,6
52967,8,4
69031,8,8
89731,8,6
70370,8,9
61025,8,9
97886,8,6
95969,8,10
N,762,8,2,14
40423,8,4
65221,8,10
79591,8,5
2083,8,2
81509,8,5
1842,8,7
22078,8,9
71398,8,3
14819,8,3
88807,8,2
93351,8,3
20183,8,9
11762,8,10
87972,8,10
N,115,8,1,11
1791,8,2
56551,8,5
5125,2,8
97756,8,6
85107,1,2
25287,8,3
64695,8,6
45100,8,3
97223,8,5
89319,8,5
62583,8,6
N,1275,8,2,16
98020,8,6
10855,8,10
71347,8,6
67297,8,4
55894,8,7
97951,8,8
61142,8,3
95877,8,3
48869,6,10
68835,8,4
40549,8,1
79079,8,3
96167,8,10
56163,8,3
18855,8,2
3575,8,7
N,684,8,2,7
48157,8,4
64101,8,7
98021,8,7
5161,8,1
79507,8,6
80027,8,10
97956,8,3
N,331,8,1,13
10981,8,1
97366,8,7
32151,8,3
88341,8,4
97766,8,9
6343,8,6
40166,8,1
55014,8,6
64222,8,5
30214,8,10
89575,8,3
97598,8,6
48359,8,7
N,324,8,1,19
94951,8,5
65108,8,8
47700,8,1
96479,8,2
65243,8,4
2021,8,9
39623,8,4
23253,8,9
41443,8,9
10150,8,8
96743,8,5
54759,8,9
72419,8,8
31463,8,6
64741,8,3
78621,8,6
67223,8,9
44734,8,9
93924,8,9
N,331,8,2,10
1901,8,3
14951,8,6
56903,8,4
91853,8,2
89793,8,5
13794,8,6
31435,8,9
10983,8,1
2101,8,7
60819,8,9
N,1204,8,1,18
97446,8,5
89540,8,6
57038,8,8
73438,8,1
65191,8,4
96987,8,5
56487,8,3
17503,8,1
43740,8,7
15423,8,9
99559,8,7
44709,8,2
79575,8,3
9470,8,7
97511,8,9
1350,8,10
84071,8,3
21590,8,7
N,263,8,1,8
94807,8,5
6100,8,1
16062,8,2
15011,8,6
36565,8,2
32115,5,6
86083,8,1
88543,8,5
N,2211,8,2,6
40677,8,4
56911,8,9
5891,8,10
56913,8,5
89062,8,4
95706,8,4
N,265,8,2,14
17554,8,6
92877,8,3
88805,8,5
28387,3,4
32487,8,2
47797,8,8
20127,8,6
5703,8,6
31366,8,9
43623,8,9
52903,8,9
39640,8,9
5039,8,7
36311,8,9
N,2271,8,2,6
48867,8,10
48539,8,4
52709,8,8
13638,8,2
48871,8,3
69335,8,6
N,2243,8,1,15
77415,8,3
24039,8,3
6187,8,1
80549,8,7
48854,8,3
80102,8,6
63149,8,9
97979,8,7
10279,8,6
88295,8,10
77525,8,1
72935,8,5
35975,8,9
81316,8,8
96963,8,3
N,1713,8,2,8
89430,8,2
5409,8,1
56535,8,8
24166,8,6
35550,8,6
23129,8,2
39647,8,8
80867,8,9
N,331,8,2,16
56991,8,1
38371,8,7
97534,8,5
2307,8,3
48871,8,4
81055,8,3
48629,8,4
5018,8,8
73446,8,10
30904,8,10
64163,8,10
55203,8,4
97767,8,6
23766,8,9
61639,8,3
73435,8,5
N,1722,8,2,11
14053,8,2
89567,8,2
3839,8,9
61091,8,6
42062,8,1
57063,8,5
49866,8,9
38303,8,4
48359,8,2
32461,8,4
69351,8,8
N,1777,8,1,18
32407,8,4
9282,8,4
73447,8,3
32454,8,7
13711,8,2
64227,8,3
92871,8,3
97923,8,2
48471,8,8
23271,8,1
82628,8,9
84901,8,6
98007,8,3
38436,8,3
77525,8,8
37219,8,9
75981,8,5
31431,8,4
N,314,8,1,11
59714,8,2
6069,8,2
31959,8,10
38310,8,10
26067,8,2
36575,8,4
66401,8,4
44511,8,6
93781,8,9
59861,8,1
77541,8,2
N,2467,8,1,14
97284,8,9
97831,8,4
73189,8,4
65249,8,2
89315,8,3
80015,8,7
72935,8,8
97638,8,4
33721,8,3
32479,8,6
52967,8,1
54663,8,8
48294,8,8
64037,8,9
N,2295,8,1,8
23455,5,10
15972,8,5
63511,8,8
42210,8,3
52903,8,4
89301,8,5
35345,8,5
14615,8,7
N,75,8,2,17
8935,8,3
63923,8,2
63143,8,3
11587,8,10
15175,8,7
24083,8,4
93889,8,9
71143,8,4
6205,8,7
54998,8,4
85734,8,10
5895,8,10
6214,8,4
36071,8,8
89766,8,6
31397,8,6
65191,8,8
N,322,8,2,11
69207,8,1
2851,8,6
52926,8,2
11286,8,7
65227,8,2
15332,8,6
1906,8,6
46821,8,6
48574,8,3
28645,8,9
93315,8,5
N,91,8,2,17
24230,8,6
27879,8,2
80535,8,5
23207,8,4
89684,8,9
5802,8,4
12235,8,10
97943,8,2
64743,8,9
15806,8,8
40138,8,1
81575,1,3
20198,8,1
56723,8,7
6183,8,6
56679,8,3
73439,8,10
N,2031,8,1,9
15540,8,9
40102,8,4
27807,8,6
19143,8,3
81627,8,7
66885,8,8
19619,8,2
5687,8,7
56711,8,1
N,1147,8,2,5
8651,8,5
11366,8,8
79810,8,8
4094,8,5
40386,8,9
N,1531,8,1,13
46775,8,2
22130,8,6
6820,8,9
56543,8,6
89319,8,9
73038,8,6
48359,8,7
96358,8,10
66678,8,5
30435,8,3
36579,8,2
5923,8,8
28701,8,5
N,202,8,1,20
89254,8,7
2119,8,6
6083,8,9
3207,8,6
97511,8,4
42631,8,9
40935,8,8
54815,8,10
40675,8,5
14363,8,6
99038,8,8
31463,8,6
31904,8,7
40031,8,8
64099,8,1
27877,8,7
2631,8,2
89629,8,10
40421,8,7
82501,8,8
N,2276,8,2,19
4037,8,2
13775,8,10
13926,8,3
56967,8,9
22234,8,3
63715,8,1
6181,8,9
77499,8,2
64869,8,4
34235,8,9
48611,8,5
13319,8,3
57023,8,8
48497,8,3
39647,8,1
39399,8,6
6166,8,8
47719,8,4
32135,8,2
N,1022,8,2,18
71266,8,9
6017,8,6
88801,8,2
48867,8,8
46423,8,3
5924,8,2
53001,8,6
88934,8,7
15079,8,5
21223,8,8
11999,8,6
22731,8,4
88126,8,8
22103,8,4
38118,8,7
24295,8,8
48597,8,10
60631,8,2
N,2273,8,2,9
97506,8,2
10933,8,1
80417,8,5
79575,8,8
65188,8,4
96963,8,2
85635,8,7
69351,8,10
81575,8,1
N,2305,8,2,14
8518,8,3
89439,8,2
8839,8,10
29511,8,8
44493,8,5
65092,8,4
89831,8,2
35981,8,1
10727,8,4
47075,8,5
36570,8,4
32447,8,7
48863,8,10
68326,8,5
N,2648,8,1,18
70246,8,8
39311,8,10
5923,8,10
64487,4,3
13670,8,10
31841,8,3
81334,8,6
88039,8,9
48866,8,1
22661,8,2
70687,8,5
48868,8,7
96965,8,1
38550,8,4
26339,8,7
96930,8,10
74691,8,7
3106,8,1
N,2299,8,2,10
36199,8,9
84707,8,2
40614,8,9
24215,8,9
65254,8,6
96743,8,8
81125,8,2
11619,3,7
71111,8,10
61159,8,8
N,2298,8,2,15
81447,8,10
88615,8,10
79413,8,6
68278,8,8
50855,8,5
93927,8,6
10533,8,3
65157,8,6
18126,8,5
47846,8,10
40385,8,8
32053,9,1
28358,8,9
36557,8,5
74419,8,7
N,1244,8,2,16
81567,8,2
31428,8,4
32150,8,4
14931,8,8
22109,8,5
56926,8,6
56542,8,8
11926,8,6
47591,8,10
14823,8,8
56806,8,4
77446,8,5
47838,8,7
11991,8,7
48863,8,6
57063,8,2
N,67,8,2,17
61158,8,7
10979,8,9
65247,8,2
70366,8,6
4019,8,3
85023,8,1
88660,8,2
72819,8,2
88677,8,1
57042,8,9
30433,8,8
40549,8,2
24182,8,9
81051,7,10
23655,8,9
56933,8,4
38241,8,2
N,199,8,2,9
46806,8,7
87781,8,9
46615,8,2
82131,8,10
15309,8,5
44679,8,1
97999,8,7
31383,8,10
46791,8,8
N,2561,8,2,19
20133,8,4
40679,8,6
23269,8,4
32358,8,6
69847,8,10
96889,8,8
98021,8,7
98017,8,2
32055,8,2
80575,8,3
32423,8,3
32469,8,6
40463,8,7
26839,8,2
5154,8,10
1855,8,4
32403,8,5
48646,8,2
15822,8,7
N,2051,8,2,13
32354,8,2
88740,8,10
42200,8,4
23733,8,6
16079,8,9
93863,8,10
28195,8,3
88751,8,7
85730,8,4
62941,8,10
83119,8,8
96930,8,2
64594,8,6
N,331,8,2,7
41415,8,1
38874,8,1
5159,8,6
966,8,6
30438,8,4
6150,8,5
31423,8,10
N,1218,8,1,5
8903,8,5
45766,8,5
30373,8,7
96229,8,10
63941,8,5
N,331,8,1,12
31453,8,8
40032,8,8
31461,8,4
97763,8,7
79205,8,1
88215,8,3
81619,8,6
63950,8,4
56231,8,4
89311,8,1
64741,8,3
44259,8,4
N,971,8,2,6
84501,8,2
63026,8,5
81639,8,1
64153,8,4
31974,8,4
50919,8,10
N,115,8,2,10
47524,8,10
24036,8,7
57055,8,10
48769,8,5
5791,8,5
38115,8,1
89303,8,4
55959,8,10
46563,8,4
24278,8,9
N,371,8,2,13
55013,8,2
38054,8,3
40165,8,8
88804,8,4
56478,8,3
27586,8,10
36454,8,5
20191,8,2
13316,8,3
58471,8,1
87750,8,2
96341,8,1
89574,8,5
N,799,8,2,17
24039,8,5
54887,8,1
20038,8,8
58087,8,10
51943,8,2
9279,8,10
24278,8,10
54471,8,8
40615,8,5
5615,8,4
5637,8,5
73326,8,10
29923,8,6
42199,8,9
24295,8,1
80476,8,8
89175,8,8
N,770,8,1,19
85431,8,5
98015,8,8
95907,8,3
12003,8,5
21159,8,7
48735,8,7
47500,8,2
73319,8,4
68223,8,2
5173,8,7
43511,8,5
22231,8,7
5062,8,4
48835,8,2
62683,8,9
23894,8,1
36578,8,1
6179,8,2
6119,8,7
N,1376,8,2,19
65052,8,6
48060,8,2
46295,8,3
2071,8,10
89815,8,9
5894,8,9
50919,8,4
15395,8,9
95845,8,3
32431,8,5
9245,8,6
31516,8,2
96931,8,5
15526,8,5
15998,8,10
16037,8,10
21223,8,6
22111,8,8
84510,8,5
N,2546,8,1,5
95973,8,3
71074,8,3
95879,8,7
64738,8,3
40507,8,2
N,1015,8,1,5
65126,8,7
10045,8,4
80987,8,9
83174,8,6
93603,8,6
N,995,8,1,19
81119,8,9
16085,8,4
15079,8,2
89798,8,8
48807,8,5
12935,8,3
89821,8,10
32472,8,6
19943,8,10
80295,8,9
12743,8,6
5831,8,8
65190,8,1
71911,8,5
18143,8,4
6215,8,8
6031,8,7
97507,8,4
73287,8,10
N,1250,8,1,12
23811,8,9
22355,8,4
95415,8,9
62871,8,4
52736,8,9
4899,8,2
46823,8,1
45796,8,2
77509,8,2
85665,8,2
48839,8,6
48743,8,6
N,321,8,2,17
48855,8,10
24263,8,3
30948,8,3
48103,8,1
40551,8,3
79527,8,1
64963,8,3
24151,8,6
48542,8,3
38362,8,10
92879,8,8
23399,8,5
89255,8,1
80959,8,9
3714,8,8
9717,8,7
23698,8,8
N,305,8,2,9
81425,8,8
82308,8,9
18149,8,10
1031,8,2
73247,8,2
71331,8,2
97671,8,3
5094,8,8
39391,8,9
N,211,8,2,17
13991,8,8
31415,8,8
23639,8,9
29925,8,2
6183,8,7
29913,8,4
87111,8,6
81607,8,8
83128,8,8
40669,8,2
97895,8,5
32487,8,1
35927,8,1
72848,8,3
46147,8,4
36568,8,4
80702,8,8
N,319,8,2,12
18967,8,8
23271,8,4
83934,8,6
45125,8,10
63491,8,3
62183,8,8
15527,8,1
87397,8,6
97931,8,9
30375,8,1
44902,8,1
16103,8,3
N,2291,8,1,10
12167,8,6
3138,8,8
48187,8,4
47830,8,3
34503,8,3
20103,8,7
6079,8,6
36319,8,4
67299,8,10
76998,8,6
N,2942,8,1,8
60933,8,9
40254,8,5
55779,8,8
88015,8,2
38583,8,3
48799,8,10
15889,8,10
64215,8,1
N,2977,8,1,15
15453,8,9
3511,4,10
23671,8,2
52705,8,8
77541,8,10
51428,8,9
3782,8,2
89814,8,6
44753,8,6
15719,8,8
86717,8,9
96870,8,5
16101,8,1
65166,9,2
32214,8,7
N,2255,8,2,9
95685,8,1
14051,8,10
56418,8,6
97895,8,5
23943,8,8
44766,8,3
87206,8,6
50578,8,5
70885,8,2
N,1075,8,1,20
34535,8,8
23693,2,5
15847,8,2
5119,8,1
73318,8,9
83431,8,2
56671,8,10
23591,8,6
16055,8,1
72783,8,4
88790,8,6
16068,8,10
81586,8,5
88803,8,2
72606,8,1
48061,8,9
44769,8,5
69319,8,4
85631,8,4
1991,8,10
N,330,8,1,17
17589,8,7
55390,8,2
96647,8,4
22631,8,9
63687,8,9
91103,8,9
16102,8,5
38631,8,7
34309,8,5
15072,8,1
6215,8,3
79591,8,1
23459,8,6
1831,8,9
56035,8,5
48814,8,2
87271,8,10
N,327,8,1,15
72935,8,6
75494,8,4
16066,8,1
52690,8,9
56039,8,3
56023,8,2
64485,8,2
56530,8,9
89407,8,7
68834,8,6
30947,8,2
55974,8,3
4135,8,1
3811,8,10
6215,8,4
N,323,8,1,12
31186,8,10
78310,8,7
62183,8,5
57029,8,1
56531,8,9
56259,8,10
16103,8,5
85699,8,3
14023,8,7
40647,8,1
44751,8,10
55742,8,8
N,283,8,1,16
6194,8,5
73375,8,8
15173,8,10
68905,8,10
81615,8,5
81119,8,10
93871,8,5
69094,8,4
51039,8,4
20183,8,2
80861,8,3
30431,8,8
56543,8,1
55781,8,5
10551,8,5
73399,8,5
N,203,8,1,9
55485,8,6
89815,8,6
47847,8,7
31271,8,6
97959,8,5
13418,8,1
23326,8,8
2924,8,6
27493,8,4
N,955,8,2,16
64678,8,7
24294,8,2
26215,8,1
55665,8,7
14046,8,8
13821,8,2
81623,8,5
39623,8,9
39397,8,5
15999,8,9
15554,8,6
54823,8,9
65239,8,3
16551,8,3
32455,8,10
31398,8,7
N,1251,8,1,17
85591,8,1
48413,8,7
65093,8,5
73203,8,9
44605,8,9
48805,8,9
11429,8,2
57279,8,2
77543,8,4
15069,8,3
89639,8,6
98018,8,5
36322,8,9
48607,8,7
89699,8,1
20198,8,5
15587,8,6
N,2307,8,1,16
30405,8,2
69271,8,5
56543,8,2
63939,8,10
22226,8,9
3907,8,7
15463,8,10
31709,8,2
64674,8,2
22482,8,5
48867,8,10
4261,8,7
16478,8,4
6215,8,6
81092,8,2
28879,8,2
N,2177,8,2,8
39527,8,8
89563,8,7
16097,8,6
28327,8,8
15586,8,1
50658,8,5
28079,8,3
23536,8,9
N,858,8,1,11
21220,8,8
32454,8,3
88391,8,10
28311,8,6
65255,8,4
20184,8,2
56548,8,5
83239,8,3
48763,8,9
81239,8,10
48151,8,8
N,2201,8,2,14
32231,8,5
30126,8,6
89830,8,8
56132,8,5
79078,8,4
72647,8,7
98011,8,8
56419,8,7
48315,8,4
9759,8,3
68998,8,8
97766,8,4
36519,8,9
81251,8,2
N,1283,8,2,17
6042,8,4
23966,8,2
48838,8,8
64211,8,5
24223,8,1
8774,8,4
34453,8,1
39781,8,4
93923,8,2
81119,8,8
86662,8,1
37607,8,8
5598,8,2
13791,8,4
5557,8,3
8902,8,8
51739,8,4
N,2243,8,1,8
61151,8,2
87246,8,10
63199,8,6
14710,8,1
29270,8,4
32487,8,5
14543,8,9
6183,8,10
N,2303,8,2,5
71399,8,3
36563,8,5
9695,8,6
97239,8,8
5810,8,5
N,1219,8,2,11
2110,8,1
15205,8,5
81558,8,5
69348,8,6
48805,8,2
97761,8,4
34919,8,2
5191,8,8
29382,8,8
19096,8,1
28991,8,8
N,2431,8,2,19
5959,8,1
28254,8,4
5479,8,4
40647,8,8
37,8,3
81627,8,9
76325,8,9
79303,8,2
70758,8,6
81127,8,5
28387,8,1
86501,8,9
1991,8,1
29095,8,4
54687,8,5
48871,8,3
18151,8,10
5111,8,10
89781,8,9
N,329,8,2,14
24271,8,8
99399,8,10
64535,8,7
13887,8,10
83071,8,8
34535,8,6
23256,8,7
96966,8,5
40599,8,3
24099,8,5
22167,8,1
32437,8,10
1607,8,3
48871,8,2
N,567,8,2,12
35239,8,4
62723,8,8
15957,8,4
31924,8,9
6211,8,4
52955,8,3
89651,8,10
23239,8,4
93373,8,6
73367,8,8
55,8,1
71367,8,1
N,2211,8,1,5
36194,8,3
89181,8,8
97858,8,9
37979,8,9
67299,8,5
N,2305,8,2,20
5891,8,1
58854,8,3
67290,8,5
67299,8,5
38079,8,9
1037,8,1
92631,8,1
48805,8,8
52942,8,10
87517,8,2
1605,8,4
79172,8,2
9378,8,5
24287,8,4
40646,8,2
37459,8,8
1095,8,1
85671,8,5
79079,8,1
49879,8,10
N,1025,8,2,11
72270,8,7
73431,8,8
32486,8,6
61028,8,10
31847,8,4
5959,8,9
24147,8,6
38630,8,5
36050,8,3
39139,8,10
21989,8,4
N,1163,8,2,8
35559,8,5
39266,8,4
98017,8,7
89749,8,3
5919,8,7
36535,8,2
96262,8,8
94872,8,4
N,324,8,2,9
28293,8,8
39898,8,9
37606,8,10
94721,8,10
15549,8,10
32391,8,7
97379,8,9
47846,8,1
40511,8,9
N,2243,8,1,17
48839,10,10
56160,8,7
86719,8,8
5915,8,8
12753,8,10
71355,8,9
40164,8,6
50015,8,10
81371,8,7
8243,8,2
63182,8,4
32348,8,10
95700,8,3
53967,8,5
96999,8,4
3623,8,8
98014,8,8
N,152,8,1,11
16103,8,8
15575,8,10
85731,8,9
16031,8,5
72423,8,3
87779,8,4
52967,8,2
62071,9,3
4167,8,3
56479,8,10
35661,8,4
N,2754,8,1,11
47607,8,10
1765,8,8
57058,8,1
43679,8,3
15936,8,4
56929,8,8
27871,8,4
7991,8,6
40167,8,4
50377,8,4
4163,8,5
N,1283,8,2,16
35485,8,7
87702,8,8
6213,8,9
56963,8,1
15946,8,9
3775,8,3
24292,8,8
31875,8,9
89799,8,3
40135,8,10
52818,8,2
23119,8,4
5488,8,5
62693,8,8
72471,8,6
14559,8,2
N,835,8,1,16
16031,8,6
69473,8,10
89311,8,9
15903,8,7
31196,8,3
89751,8,4
72405,8,5
79686,8,6
40609,8,6
81521,8,3
97759,8,10
7675,8,7
79171,8,7
89319,8,3
96679,8,5
23718,8,6
N,2293,8,2,8
23174,8,5
69167,8,8
15678,8,9
89567,8,4
10151,8,8
16066,8,9
58503,8,9
29409,8,3
N,1283,8,2,6
32454,8,8
87095,8,2
56966,8,5
98015,8,9
68951,8,10
47580,8,5
N,2259,8,1,17
15975,8,2
48743,8,8
28351,8,5
64206,8,4
73415,8,1
81502,8,2
1071,8,1
64979,8,8
20191,8,10
79493,8,10
81255,8,10
55395,8,4
29397,8,2
93027,8,3
3071,8,1
46311,8,8
56551,8,8
N,1409,8,1,18
80322,1,5
31895,8,5
30246,8,9
81565,8,9
97991,8,6
89310,8,3
56807,8,5
61154,8,3
61095,8,1
47775,8,9
89822,8,7
93639,8,2
24135,8,2
56919,8,9
15823,8,5
97799,8,10
40135,8,2
47719,8,2
N,2170,8,2,12
36543,8,5
15539,8,10
65113,8,6
16038,8,3
83175,8,10
7239,8,5
11749,8,2
11475,8,4
24035,8,1
81486,8,5
55007,8,10
48612,8,4
N,2302,8,2,20
91611,8,2
80870,8,4
39463,8,4
88542,8,5
4661,8,10
39967,8,4
63659,8,4
93207,8,3
66209,8,6
81254,10,6
55958,8,6
5189,8,7
35783,8,6
36959,8,6
6083,8,3
27279,8,1
19623,8,7
77026,8,2
96966,8,3
547,8,3
N,1281,8,2,14
30433,8,3
73956,8,7
53957,8,7
79584,8,7
6012,8,9
30639,8,4
97995,8,1
91861,8,8
89305,8,2
89639,8,5
31123,8,9
19717,8,3
38487,8,2
26247,8,2
N,2271,8,1,13
12656,8,4
70115,8,8
16055,8,8
31975,8,9
8983,8,6
48863,8,3
73415,8,9
48259,8,5
80422,8,5
5351,8,10
64999,8,1
97695,8,9
78534,8,8
N,1091,8,1,10
39527,8,2
16085,8,8
14531,8,6
47797,8,9
24099,8,7
32359,8,7
11623,8,9
40039,8,5
13797,8,10
27,8,5
N,267,8,1,11
89823,8,6
13492,8,4
12899,8,9
14381,8,9
40151,8,10
71258,8,6
60836,8,10
15843,8,9
89570,8,5
15591,8,10
15975,8,5
N,1915,8,2,16
54679,8,4
96991,8,5
93893,8,5
24261,8,8
81633,8,10
24071,8,5
44543,8,2
24251,8,5
40673,8,2
15991,8,7
95429,8,1
89671,8,6
42691,8,8
48406,8,6
60132,8,5
42515,8,4
N,2745,8,2,20
95835,8,6
61141,8,1
23653,8,9
28895,8,2
30117,8,7
35551,8,6
39651,8,4
21603,8,2
4903,8,4
89605,8,2
93703,8,7
40411,8,3
66790,8,4
40065,8,2
4103,8,1
1463,8,7
29479,8,7
24293,8,2
71311,8,4
52959,8,5
N,2303,8,1,6
32475,8,8
78423,8,7
56983,8,2
71397,8,6
53333,8,10
89654,8,7
N,1024,8,2,18
95941,8,5
93902,8,4
15796,8,3
73191,8,3
55483,8,1
63894,8,9
98007,8,7
96479,8,10
32213,8,9
95838,8,3
62943,8,6
97825,8,4
17125,8,3
72419,8,4
19534,8,4
33956,8,2
80343,8,5
80093,8,8
N,2041,8,1,7
96911,8,5
19862,8,3
72414,8,10
34469,8,10
12230,8,5
39783,8,7
24149,8,10
N,629,8,1,8
38503,8,1
61157,8,8
95195,8,10
85593,8,9
16103,8,6
52455,8,5
39583,10,8
85605,8,7
N,2170,8,1,8
44581,8,6
36451,8,6
89827,8,5
56905,8,2
40627,8,8
6183,8,9
64742,8,4
71141,8,2
N,167,8,1,16
56023,8,7
81575,8,2
44773,8,7
36230,8,10
5131,8,8
73442,8,10
14935,8,6
2149,8,10
78551,8,3
40423,8,4
29251,8,8
32423,8,9
26165,8,1
40679,8,9
95970,8,8
88741,8,1
N,2035,8,2,12
69319,8,10
98023,8,3
8231,8,3
46052,8,7
55967,8,9
84695,8,7
44959,8,8
58402,8,9
1829,8,6
65238,8,9
43739,8,3
72774,8,3
N,1283,8,1,5
84455,8,5
9989,8,5
71383,8,1
22175,8,7
79077,8,9
N,975,8,2,11
45750,8,2
5158,8,1
15333,8,1
96487,8,3
17947,8,7
32455,8,3
23745,8,2
5675,8,4
39911,4,5
88981,8,9
67799,8,2
N,451,8,1,8
89831,8,3
31197,8,6
40669,8,7
14485,8,5
57063,8,3
36487,8,4
68135,8,10
54230,8,9
N,2923,8,2,7
70759,8,7
15335,8,6
80981,8,1
44647,8,4
73411,8,2
48543,8,5
32263,8,7
N,2240,8,2,13
53922,8,8
10854,8,10
81639,8,4
96099,8,5
89571,8,1
63463,8,8
89748,8,9
57062,8,8
6007,8,3
24023,8,2
95801,8,6
12772,8,9
64626,8,2
N,2998,8,2,7
5180,8,5
79611,8,3
39911,8,2
48095,8,7
42463,8,8
88447,8,4
66241,8,5
N,1234,8,2,16
85683,8,7
47582,8,1
14559,8,9
15847,8,8
24132,8,9
94821,8,10
30622,8,3
96947,8,9
23267,8,6
81635,8,2
80599,8,8
65251,8,1
56928,8,10
64226,8,5
93619,8,1
57037,8,8
N,767,8,2,5
38211,8,6
86747,8,5
95686,8,6
28174,8,10
8679,8,5
N,2303,8,2,6
32327,8,10
20007,8,2
4055,8,10
73299,8,8
1602,8,1
47255,8,4
N,514,8,2,10
72347,8,9
81063,8,6
24215,8,10
6018,8,7
57063,8,1
81362,8,1
10255,8,1
24005,8,2
4055,8,10
64198,8,7
N,2179,8,1,7
5446,8,7
39583,8,8
6215,8,3
72886,8,1
25827,8,10
8962,8,1
66883,8,5
N,2785,8,2,5
72819,8,7
41879,8,2
97763,8,1
19855,8,7
72284,8,10
N,2771,8,2,17
38855,8,4
24286,8,4
39971,8,3
24183,8,2
52807,8,6
75493,8,8
83597,8,6
19938,8,6
48801,8,8
92903,8,3
57061,8,2
79301,8,6
47311,8,10
97790,8,10
77027,8,1
81094,8,4
16001,8,8
N,259,8,2,13
24979,8,6
39655,8,10
92885,8,5
48099,8,2
13895,8,3
61845,8,10
97959,8,10
52547,8,8
44671,8,7
75421,8,8
56038,8,2
56295,8,9
52951,8,2
N,2242,8,2,17
42727,8,10
24051,8,4
16091,8,9
71368,8,1
23459,8,9
18095,8,9
40671,8,7
28263,8,6
72377,8,8
36318,8,3
81375,8,7
99303,8,1
52415,8,7
18115,8,8
32383,8,8
30435,8,10
44451,8,7
N,1203,8,1,7
20051,8,2
79575,8,10
28386,8,5
75351,8,9
6207,8,9
89810,8,8
8670,8,2
N,849,8,2,18
63044,8,8
48679,8,6
40023,8,7
21141,8,8
65102,8,7
97639,8,4
32167,8,2
85150,8,2
64998,8,4
14951,8,7
85223,8,1
88795,8,2
89535,8,4
81076,8,3
56703,8,8
57015,8,7
99559,8,8
65235,8,6
N,1178,8,1,15
43053,8,4
62855,8,1
89319,8,10
13477,8,8
46823,8,8
34535,8,9
65183,8,3
96933,8,1
17574,8,8
19787,8,6
44262,8,9
52911,8,9
65217,8,5
5858,8,1
89558,8,7
N,1227,8,2,12
2119,8,1
97509,8,1
81091,8,3
50917,8,8
40679,8,6
63199,8,8
23751,8,10
80039,8,5
32439,8,7
5933,8,8
20967,8,2
6210,8,8
N,1939,8,1,8
15779,8,4
30399,8,7
65254,8,5
94684,8,3
87779,8,10
5061,8,8
26303,8,8
84453,8,6
N,2260,8,1,5
59734,8,1
9511,8,5
14867,8,4
23963,8,2
85735,8,1
N,1187,8,2,16
89671,8,3
90820,8,4
12503,8,1
12339,8,6
94885,8,6
89773,8,5
4991,8,8
87679,8,6
5,8,3
30691,8,8
89062,8,4
9763,8,9
11494,8,8
56381,8,5
55991,8,5
84474,8,2
N,737,8,1,5
63191,8,5
81492,8,2
67151,8,8
65255,8,9
22305,8,1
N,167,8,2,17
40414,8,6
48870,8,1
21861,8,3
88779,8,1
87585,8,1
93603,8,3
14690,8,6
87143,8,2
90338,8,8
23767,8,7
23119,8,3
96219,8,9
15012,8,10
80595,8,4
65255,8,6
19139,8,7
89831,8,9
