P,8,6,2049,4656.1
P,8,7,1275,4829.88
P,8,6,1723,2938.79
P,8,7,503,1047.47
P,8,7,159,3394.14
P,8,7,503,445.62
P,8,7,1281,3064.83
P,8,7,263,2303.62
P,8,6,1664,1530.22
P,8,6,559,3902.83
P,8,6,1921,4417.7
P,7,6,1715,2336.2
P,8,7,1408,2052.51
P,8,6,247,3160.21
P,8,6,1217,3002.82
N,2273,8,6,14
54946,8,9
11997,8,1
32102,8,3
56033,8,3
30310,8,9
24279,8,2
13173,8,1
9538,8,7
38565,8,2
71643,8,2
17020,8,8
85724,8,3
89830,8,2
23014,8,6
P,8,7,2041,1532.26
N,1775,8,6,11
81558,8,4
36327,7,9
95847,8,9
21221,8,2
87727,8,10
47714,8,8
73068,8,5
13552,8,8
80551,8,7
85729,8,7
6199,8,6
P,9,8,326,3808.47
P,8,6,2233,2015.15
D,8,6
N,327,8,7,17
39507,8,7
75175,8,10
39373,8,7
15719,8,10
19071,8,1
24235,8,10
86743,8,2
54630,8,3
44319,8,5
86213,8,1
62936,8,2
57030,8,10
23271,8,1
5441,8,8
48498,8,2
38582,8,3
33635,8,4
N,2277,8,7,16
20039,8,8
79435,8,3
22147,8,5
40673,8,3
22694,8,4
63076,8,2
15905,8,7
48870,8,7
64927,8,1
85541,8,4
13798,8,4
97055,8,4
85091,8,10
46719,8,6
38054,8,2
48611,8,8
D,8,5
D,8,7
D,8,10
D,8,5
P,8,7,1975,2436.61
R,8,7,2051
N,955,8,6,8
26534,8,9
97479,8,7
60847,8,2
87647,8,10
22149,8,8
40413,8,2
40674,8,8
87494,8,2
N,1283,8,6,5
36559,8,5
23781,8,1
78560,8,5
15715,8,8
44051,8,6
N,1283,8,6,8
65221,8,1
91239,8,1
72788,8,3
89830,8,10
79556,8,4
29026,8,7
46823,8,6
73312,8,9
N,2019,8,7,5
32423,8,9
56935,8,10
390,8,8
88754,8,5
60774,8,9
N,2297,8,7,5
57047,8,8
93831,8,9
48471,8,1
24275,8,6
19938,8,9
N,2179,8,6,13
64353,8,10
80635,8,10
24292,8,7
69838,8,10
51906,8,9
30403,8,4
23075,8,7
15039,8,10
60135,8,5
81639,8,10
79971,8,2
70247,8,1
55780,8,9
N,2251,8,6,6
48807,8,2
64038,8,6
72415,8,1
81635,8,5
40535,8,1
93703,8,3
N,1153,8,7,17
4162,8,9
40679,8,4
73059,8,3
5695,8,4
36054,8,1
62646,8,7
95642,8,1
24291,8,1
57060,8,9
47579,8,8
65246,8,6
97764,8,6
31397,8,6
60830,8,3
35035,8,7
6191,8,8
72915,8,10
N,475,8,7,10
88803,8,2
88263,8,5
64925,8,2
93863,8,5
30070,8,8
26339,8,5
40539,8,3
32321,8,2
56422,8,3
5671,8,9
N,2305,8,7,9
65119,8,9
89573,8,2
80965,8,2
78539,8,4
64230,8,3
15550,8,2
55911,8,8
71351,7,9
59473,8,3
N,763,8,7,18
5862,8,2
77505,8,9
96726,8,6
81375,8,5
73383,8,6
24167,8,10
89831,8,8
15967,8,6
23774,8,1
80862,8,3
6187,8,9
4162,8,6
89309,8,7
30485,8,3
91851,8,6
24267,8,6
79175,8,9
15246,8,4
N,2816,8,6,18
4087,8,1
39527,8,3
55003,8,1
14951,8,8
32182,8,7
36487,8,2
80732,8,1
21147,8,10
15475,8,6
421,8,10
44647,8,5
23923,8,3
38616,8,4
40679,8,9
15828,8,8
68023,8,10
6180,8,6
52967,8,6
N,1451,8,6,19
3139,8,6
68288,8,10
31973,3,4
50918,8,10
5758,8,1
61063,8,9
69343,8,9
23967,8,5
87271,8,3
44766,8,10
60883,8,3
65221,8,4
51399,8,5
70119,8,2
97892,8,4
29395,8,6
41565,8,2
50905,8,2
38354,8,2
P,8,6,267,4222.94
P,8,6,803,3077.76
T
P,8,6,1151,1497.94
N,331,8,7,15
62935,8,4
15895,8,2
2117,8,6
15591,8,8
81639,1,10
59108,8,3
29407,8,7
48183,8,9
95943,8,3
43975,8,3
24227,8,8
64995,8,2
65159,8,3
56807,8,5
74909,8,9
N,194,8,6,8
85721,8,10
60057,8,5
71,8,6
6203,8,1
63141,8,2
85472,8,9
68551,8,2
79526,8,7
T
O,8,6,2561
P,8,7,1003,2282.3
P,8,7,299,3603.03
I,8,6,38
N,2803,8,7,7
77527,8,7
46711,8,9
89220,8,1
77479,8,7
29917,8,5
36547,8,5
23270,8,9
S,8,7,17,28
N,2975,8,7,13
48351,8,4
40537,8,10
73159,8,10
45523,8,4
47767,8,4
61143,8,6
85461,8,8
56967,8,1
89585,8,3
13663,8,7
26279,8,8
60007,8,5
28630,8,10
I,8,6,38
N,1203,8,6,15
72858,8,6
62433,9,8
72663,8,7
28335,8,9
23255,8,1
37987,8,4
98007,8,8
19683,8,4
65117,8,2
43751,8,10
61159,8,4
73415,8,9
16096,8,8
52759,8,2
40679,8,3
S,8,6,13,29
P,8,6,1283,4266.86
N,1265,8,6,8
88277,8,5
38087,8,9
93841,8,6
73229,8,1
83105,8,5
62503,8,9
81607,8,5
52898,8,10
P,8,7,331,1032.32
P,8,6,331,2359.87
S,8,7,11,20
P,9,6,2227,1749.44
D,8,8
D,8,8
D,8,2
D,8,6
D,8,7
D,8,8
D,8,1
D,8,10
D,8,1
D,8,5
D,8,2
D,8,2
N,2419,8,6,12
89255,8,9
79574,8,2
39358,8,3
77127,8,5
34023,8,2
88791,8,9
48343,8,9
65251,8,2
39635,8,3
81058,8,5
97910,8,8
30287,8,3
D,8,10
D,8,6
P,8,6,75,4325.73
P,10,6,1275,4016.63
N,55,8,6,10
73441,8,5
97722,8,8
52295,8,9
6719,8,6
40551,8,10
97831,8,1
98019,8,10
69287,8,8
87399,8,7
48614,8,4
N,200,8,7,17
97990,8,9
1733,8,10
23747,8,10
81603,8,5
48855,8,10
5423,8,9
11110,8,2
30887,8,9
39423,8,3
56549,8,4
9350,8,10
75486,8,3
99487,8,10
72165,8,8
29382,8,3
20007,1,7
40021,8,8
P,8,7,2803,613.86
P,8,6,1027,1663.9
P,8,7,1021,4874.51
P,8,7,59,839.57
P,6,10,2303,2423.19
P,8,6,2154,245.61
P,8,6,1169,1478.18
P,10,2,323,3895.35
P,2,10,1007,2100.66
P,8,6,1999,485.21
P,5,6,1486,3858.03
P,8,7,2299,3647.85
P,8,6,322,1332.73
P,8,7,2563,2819.34
P,9,2,1793,1240.54
P,8,7,2912,4542.79
P,8,7,2207,4243.45
P,9,7,962,239.7
P,8,7,2307,489.22
P,8,7,2305,1253.13
P,8,7,1190,833.1
P,8,6,1151,971.6
P,7,3,2225,340.87
P,5,8,706,606.95
P,8,7,2241,4199.57
P,8,7,994,1394.42
P,8,7,2946,184.37
P,1,1,1915,148.89
P,2,4,1707,4062.61
P,8,6,1019,1370.3
P,8,7,203,3303.79
