D,9,3
D,9,5
D,9,4
D,9,7
D,9,4
N,1203,9,4,17
56899,9,6
22754,9,3
40663,9,9
53715,9,8
39143,9,10
47780,9,3
51599,9,8
77535,9,6
24167,9,2
48855,9,2
4039,9,7
22915,9,2
48853,9,6
54947,9,8
85733,9,10
60607,9,2
49863,9,9
N,607,9,4,17
80286,9,3
42719,9,8
1045,9,10
6085,9,3
55006,9,9
12000,9,6
38615,9,2
63845,9,4
23509,9,2
30935,9,8
6214,9,6
31702,8,9
6213,9,4
64903,9,6
48788,9,7
95835,9,6
60837,9,7
P,9,5,200,274.39
D,9,2
D,9,7
D,9,3
P,9,4,2947,995.95
P,9,3,329,4126.27
T
D,9,1
D,9,1
N,1219,9,3,7
43231,9,9
3111,9,4
37407,9,6
45159,9,6
88246,9,7
6019,9,6
89817,9,8
N,1515,9,5,17
39427,4,2
19621,9,5
20134,9,6
89329,9,5
41943,9,5
71598,9,9
69335,9,2
87763,9,8
38623,9,6
82503,9,9
27190,9,10
31463,9,1
96402,9,4
15591,9,7
31943,2,5
53444,9,10
59103,9,6
N,2555,9,5,10
89574,9,7
13031,9,6
30375,9,4
98012,9,4
91878,9,2
55367,4,5
96731,9,9
83941,9,2
6023,9,5
48333,9,3
N,1835,9,3,6
16073,9,8
97991,9,6
80039,9,2
52951,9,6
89525,9,5
97508,9,9
N,1283,9,3,9
40150,9,3
92839,9,9
58983,9,6
81554,9,5
96945,9,4
52922,9,7
96447,9,6
69830,9,7
65191,9,3
D,9,6
P,4,3,2179,4579.42
P,9,4,1853,2495.0
P,9,3,2083,4326.46
P,9,5,135,4478.72
P,7,7,329,2333.87
P,9,5,1218,3730.69
P,9,5,1063,2476.04
P,1,8,704,2643.03
P,9,5,330,4013.97
P,9,4,330,3765.86
P,9,3,1280,3610.27
P,9,5,1726,2164.33
P,9,4,2799,3232.49
P,9,5,2034,1575.91
P,9,3,2209,1490.67
P,9,4,754,4789.27
P,9,4,2291,1011.0
P,9,4,2232,3934.5
P,9,3,229,4750.18
P,2,7,16,1302.7
P,9,4,1281,4297.16
P,9,5,2288,2725.97
P,9,5,2305,2453.13
P,9,5,193,2182.12
P,9,3,7,768.66
P,9,3,1961,3779.56
P,9,3,1487,4946.97
P,9,5,539,4400.35
P,9,3,2225,1832.84
P,9,5,3,3988.88
P,9,5,11,2126.38
P,9,3,261,1331.62
P,3,4,2303,2575.8
P,9,3,293,1871.64
P,9,5,2011,4182.72
P,9,5,1661,1205.97
P,1,4,1281,2778.89
P,9,5,1251,3567.27
P,9,4,2273,4715.33
P,3,6,331,4673.49
P,9,4,2563,317.55
P,9,3,330,4616.5
P,2,8,1239,3276.6
P,9,3,2306,223.58
P,9,5,699,208.62
P,9,3,2817,2432.83
P,9,5,978,2203.34
P,9,3,260,312.21
P,9,5,2755,1988.04
P,9,4,323,3096.45
D,9,3
D,9,2
D,9,8
N,323,9,3,19
3779,9,10
38629,9,1
48221,9,9
14007,9,4
77523,9,4
5952,9,1
64741,9,8
24223,9,5
97999,9,9
21774,9,3
89638,9,5
44679,9,4
5959,9,4
58580,9,5
20195,9,10
97447,9,9
5954,9,10
88423,9,2
81383,9,3
I,9,5,45
N,2307,9,3,5
57063,9,6
73155,9,5
16103,9,6
51423,9,4
54119,9,5
N,1026,9,3,18
73431,9,9
28375,9,6
30433,9,8
6007,9,8
66787,9,10
71261,9,5
77479,9,8
10386,9,4
24165,9,9
9919,9,4
40163,7,9
65207,9,7
47840,10,2
56167,9,8
61131,9,7
72227,9,7
97895,9,8
6215,9,10
N,2307,9,5,6
65031,9,10
31974,9,8
51959,9,4
3655,9,3
32487,9,4
64211,9,1
N,2270,9,4,14
23623,9,1
21223,9,8
72420,9,5
24260,9,3
22181,9,9
24291,9,6
56277,9,9
13959,9,3
89594,9,2
14789,9,1
23366,9,10
5703,9,1
14307,9,9
55519,9,10
N,1242,9,3,12
22085,9,8
62950,9,7
72092,9,2
97510,9,1
27583,2,8
40412,9,5
48289,9,8
81185,9,6
15076,9,7
64693,3,5
73303,9,6
15735,9,3
N,75,9,3,10
49662,9,7
48675,9,7
88471,9,7
73171,9,2
6207,7,2
11961,9,6
65249,9,5
81633,9,2
52678,9,4
71386,9,6
N,2215,9,3,18
23255,9,2
951,9,5
63463,9,1
47239,9,5
76505,9,8
903,9,8
88799,9,3
50663,9,1
8997,9,10
57054,9,7
15814,9,5
13983,9,10
38,9,10
38235,9,5
20129,9,2
47682,9,5
31902,9,5
64483,9,1
N,1267,9,5,9
65183,9,6
35302,9,5
76391,9,8
14251,9,3
63083,9,5
74258,9,6
11487,9,4
73319,9,5
84061,9,4
N,755,9,4,16
11271,9,3
98021,6,6
31430,9,8
7687,9,5
6215,9,1
15687,9,1
98006,9,9
64231,9,9
31972,9,8
57057,9,4
93803,9,7
53901,9,2
36551,9,4
89005,9,8
23111,9,3
93084,9,9
N,2424,9,3,8
30423,9,9
5174,9,3
13299,9,7
73443,9,8
24231,9,4
96998,9,6
77329,9,1
23222,9,3
N,1218,9,3,8
32383,9,3
60127,9,4
84179,9,4
39399,9,5
89829,9,8
47041,9,6
62567,9,9
82591,9,7
N,641,9,3,11
89169,9,4
56023,9,4
65255,9,2
40549,9,6
15014,9,1
79399,9,9
40647,9,8
44583,9,6
48838,9,5
29887,9,8
36447,9,2
N,75,9,3,11
38337,9,5
72901,9,2
97979,9,5
64959,9,5
26342,9,7
97447,9,5
72295,9,2
28251,9,10
65255,9,7
97957,9,4
15557,9,8
N,71,9,3,13
886,9,10
58564,9,7
80612,9,6
40679,9,2
64694,9,4
62887,9,1
9063,9,8
97767,9,10
15557,9,10
46783,9,8
14887,9,4
70309,9,2
73187,9,10
N,1737,9,3,8
96850,9,4
5822,9,10
957,9,10
68701,9,9
38419,9,6
97730,9,1
5190,9,8
36063,9,4
N,171,9,4,14
36775,9,8
1863,9,7
73188,9,5
9956,9,3
8897,9,7
88483,9,8
52954,9,5
70499,9,7
23778,9,8
46615,9,3
15971,9,2
15970,9,5
83575,9,4
48359,9,10
N,1259,9,5,7
5826,9,2
80998,9,3
31971,9,3
18023,9,3
97462,9,3
20071,9,2
92382,9,7
N,1250,9,4,20
13031,9,5
80487,9,6
32453,9,3
69796,9,5
24279,9,7
64717,9,5
72807,9,7
64613,9,7
89481,9,1
72935,9,4
35697,9,6
88999,9,3
89367,9,4
21983,9,7
73435,9,9
76379,9,2
62548,9,7
89538,9,1
98011,9,1
56951,9,4
N,1074,9,3,6
82656,9,1
51877,9,6
23271,9,7
71387,9,10
50903,9,4
40389,9,6
N,1123,9,4,5
11227,9,8
37735,9,2
81375,9,2
40503,9,7
72647,9,6
N,2139,9,5,5
56995,9,5
30932,9,7
32963,9,9
21607,9,2
4920,9,9
