D,9,9
O,9,8,1783
N,309,9,10,5
89670,9,1
86947,9,5
51807,9,9
48861,9,2
54875,9,3
N,908,9,10,7
13346,9,5
48059,9,1
87522,9,10
64743,9,9
40287,9,9
85031,9,8
73223,9,9
I,9,8,33
O,9,9,731
P,9,10,1272,512.88
N,2307,9,9,12
6177,9,1
87207,9,8
5191,9,7
2860,9,2
40405,9,4
66778,9,9
61063,9,6
56877,9,4
84583,9,5
57047,9,4
32419,9,2
56731,9,2
N,2811,9,8,7
29509,9,7
1839,9,8
89767,9,1
96989,9,4
15909,9,1
79911,9,4
23207,9,6
S,9,9,11,31
D,9,3
D,9,1
D,9,10
T
D,9,9
P,9,8,314,3916.04
N,323,9,8,17
67143,9,1
6212,9,1
89474,5,1
4335,9,10
59870,9,6
36527,9,3
69351,9,10
16030,9,6
27621,9,1
61991,9,5
63047,9,4
11238,9,1
65107,9,2
23615,9,1
27321,9,1
13927,9,6
76933,9,10
N,285,9,9,15
94883,9,2
77159,9,5
55909,4,1
15079,9,5
52517,9,10
14515,9,2
31847,9,5
88258,9,6
26531,9,2
4546,9,2
29798,9,8
25317,9,9
76707,9,6
89247,9,5
15509,9,9
S,9,10,12,34
D,9,4
D,9,1
D,9,9
D,9,10
S,9,8,16,27
N,707,9,10,19
1863,9,7
56434,9,1
28367,9,1
16103,9,8
71397,9,5
9927,9,3
95429,9,8
14039,9,8
97639,9,5
95556,9,2
3444,9,6
59839,9,2
24283,9,7
12753,9,3
81639,9,3
40164,9,6
23781,9,7
48855,9,6
48657,9,1
S,9,10,10,50
P,7,1,2011,3693.26
P,9,8,2953,2270.53
N,515,9,10,11
1863,9,9
89639,9,2
24659,9,10
93925,9,3
40661,9,6
48767,9,2
4078,9,9
46555,9,8
63193,9,2
99287,9,3
87766,9,1
N,1234,9,9,12
56551,9,8
77023,9,5
22114,9,5
9839,9,1
32289,9,1
26335,9,5
56547,9,8
60631,9,8
16098,9,5
93669,9,6
28370,9,9
81626,9,7
D,9,4
D,9,7
D,9,2
D,9,5
P,9,8,1977,775.1
N,2139,9,8,8
5125,9,7
57031,9,6
88799,9,10
5670,9,6
14631,9,7
64741,9,3
14759,9,8
23877,9,3
N,27,9,9,17
36583,9,9
12999,9,9
89350,9,5
60748,9,10
81327,9,6
10875,9,4
56871,9,10
84576,9,7
66783,9,9
63703,9,4
13404,9,6
2023,9,4
30339,9,9
1532,9,1
8262,9,9
13285,9,8
28129,9,9
N,895,9,10,17
40417,9,8
64733,9,5
57007,9,10
80209,9,7
34531,9,8
11477,9,2
31445,9,3
63943,9,10
13787,9,3
45671,9,8
40291,9,8
89763,9,3
43143,9,7
45797,9,9
77894,9,4
28356,9,4
24283,9,3
D,9,10
D,9,2
D,9,7
D,9,7
D,9,3
D,9,6
N,2147,9,10,8
13476,9,4
56007,9,2
31383,9,9
88671,9,7
56550,9,1
16026,9,7
5607,9,9
38574,9,7
N,74,9,10,19
32073,9,5
32466,9,9
87591,9,4
81303,9,1
5977,9,8
30258,9,3
5703,9,10
6211,9,7
61127,9,5
89435,9,3
26820,9,6
27622,9,2
47673,9,5
64727,9,6
62055,9,10
15075,9,1
97483,9,7
77926,9,9
56991,9,10
N,75,9,8,14
97891,9,5
61094,9,7
4999,9,1
71781,9,9
6086,9,3
13268,9,4
64193,9,3
40677,9,3
80471,9,3
15963,9,5
99846,9,9
55839,9,10
24151,9,2
95972,9,3
N,2299,9,10,14
40454,9,8
77403,9,9
67217,9,4
71855,9,4
15207,9,7
79031,9,9
37541,9,9
46439,9,1
31182,9,2
2214,9,2
5945,9,8
24199,9,7
85029,9,3
72423,9,9
N,1258,9,10,14
17125,9,7
40501,9,9
64849,9,8
69350,9,4
12519,9,1
81572,9,1
4861,9,8
24254,9,3
24230,9,2
77275,8,2
20135,9,7
51929,9,1
73380,9,9
89701,9,7
N,1280,9,10,6
68647,9,9
65143,9,5
73444,9,7
65126,9,2
64211,9,5
89055,9,5
N,2749,9,9,11
56879,9,9
31391,9,9
183,9,10
935,9,6
89623,9,1
48695,9,7
1311,9,3
62817,9,1
70364,9,4
54995,9,1
63175,9,8
N,643,9,9,11
46787,9,7
98006,9,3
96967,9,3
85223,9,3
46199,9,6
93396,9,3
62311,9,2
48871,9,10
32366,9,1
43703,9,3
54303,9,7
P,9,8,1270,1972.64
P,9,9,2247,2164.24
P,9,9,189,319.74
D,9,1
D,9,4
N,234,9,10,9
95717,9,8
85622,9,5
18019,9,4
2119,9,1
97967,9,9
96999,9,5
31746,9,8
16071,9,3
69015,9,1
N,266,9,10,14
15047,9,7
64919,9,6
8607,9,1
12183,9,8
91867,9,1
48422,9,8
23911,9,9
12005,9,3
63062,9,4
64933,9,5
97951,9,9
88804,9,3
9281,9,8
52933,9,5
N,2296,9,8,9
56931,9,3
5115,9,1
97876,9,1
24120,9,8
40167,9,10
97726,9,6
98022,9,10
52949,9,4
27879,9,5
P,9,10,771,3074.69
T
N,40,9,9,16
25815,9,9
36007,9,2
20063,9,7
97445,9,3
31445,9,1
21182,9,10
23207,9,7
24159,9,5
32454,9,4
44711,9,4
71531,9,3
22175,9,9
32463,9,3
62055,9,7
64743,9,8
32407,9,1
D,9,1
D,9,9
D,9,7
D,9,2
D,9,9
D,9,9
D,9,8
D,9,2
D,9,8
N,331,9,8,13
56583,9,10
57030,9,1
40667,9,8
61127,9,4
9799,9,3
38247,9,8
42719,9,6
38307,9,10
11975,9,4
68279,9,6
28038,9,6
21986,9,6
23266,9,5
O,9,10,1139
D,9,2
D,9,6
D,9,3
D,9,5
D,9,7
P,9,8,210,1315.7
P,2,6,266,3963.73
P,9,10,197,280.73
P,9,10,202,4477.14
P,9,9,1986,4804.08
P,9,9,547,4263.61
P,9,9,2243,1110.62
P,9,9,234,2475.92
P,9,10,203,2706.14
P,9,9,315,4236.95
P,3,8,579,1186.7
P,9,10,326,3832.38
P,9,10,2019,3163.8
P,9,10,1272,2113.77
P,9,8,2290,2864.64
P,9,10,74,4601.85
P,9,10,1247,3286.34
P,1,6,771,4723.16
P,9,10,1275,1504.4
P,9,9,1257,2905.05
P,9,9,315,2182.87
P,9,9,893,4911.45
P,7,4,1282,4219.63
P,9,10,200,752.7
P,3,5,2237,4582.73
P,9,8,915,784.93
P,6,5,135,1030.91
P,7,1,59,3714.47
P,9,10,291,1816.89
P,9,8,2281,3539.96
P,9,8,186,2812.77
P,9,9,2078,2926.83
P,9,8,461,1061.68
P,9,10,235,4091.4
P,9,9,2303,1955.87
P,9,8,277,1096.15
P,9,8,2259,1746.51
P,9,9,199,4085.77
P,9,8,1750,4525.25
P,9,8,1186,4648.2
P,9,10,291,1576.67
P,9,8,1258,4776.29
P,9,8,2175,584.05
P,9,8,266,1951.54
P,9,8,1987,2208.87
P,9,10,2291,2835.32
P,9,8,329,1528.65
P,4,10,331,1614.71
P,4,9,2994,3168.36
P,9,8,2243,1673.65
P,9,10,267,4027.04
P,9,8,318,406.55
P,9,10,2274,918.81
P,9,9,1207,1867.12
P,9,9,1011,4809.67
P,9,8,219,1569.61
P,9,10,1278,4575.77
P,9,9,1787,3202.29
P,9,9,2818,2970.51
P,9,9,954,786.82
P,9,8,1683,590.28
P,9,10,319,68.26
P,9,9,2269,324.44
P,6,8,1235,4171.21
P,9,9,1635,4721.91
P,9,8,2267,1781.49
P,9,8,183,3324.0
P,9,9,1762,3247.07
P,9,9,2819,4793.16
P,4,8,2019,2367.53
P,9,9,251,449.42
P,9,8,235,1929.32
P,9,9,2811,1742.5
P,3,2,2307,4692.18
P,9,8,735,1080.66
P,9,9,1279,211.97
P,7,9,1183,2353.49
P,9,10,863,1071.41
P,9,10,1699,626.34
P,9,10,1585,987.65
P,9,9,2088,2078.12
