N,1151,10,1,15
89631,10,6
52966,10,6
54672,10,10
40659,10,9
85604,10,7
31576,10,2
13725,10,5
67044,10,8
96977,10,8
80835,10,8
42127,10,6
48783,10,6
56588,10,7
10815,10,8
24283,10,10
N,75,10,2,13
55014,10,1
60996,10,10
72837,10,6
45791,10,8
45719,10,4
24278,10,3
24807,10,8
31924,10,9
31965,10,4
44647,10,7
44773,10,7
15699,10,6
13515,10,1
N,1267,10,2,17
46309,10,6
2109,10,2
97311,10,1
89829,10,2
81638,10,2
4611,10,2
69348,10,5
26311,10,9
5502,10,2
6063,10,9
88423,10,5
11479,10,5
35495,10,10
54822,10,1
62563,10,2
55491,10,4
39369,10,9
N,1281,10,1,19
43695,10,1
88807,10,4
62695,10,5
83863,10,3
22147,10,8
72932,10,4
81573,10,1
9751,10,10
5062,10,9
29383,10,4
69825,10,4
23775,10,5
51910,10,4
24287,10,7
967,10,2
32461,10,5
19677,10,5
5615,10,4
92896,10,7
N,1278,10,2,11
4951,10,1
13383,10,5
53927,10,3
48662,10,9
97989,1,9
47781,10,1
85606,10,3
96740,10,6
16022,10,10
5519,10,9
55827,10,10
N,1976,10,1,5
48855,10,10
28131,10,6
3269,10,10
27231,10,8
13919,10,9
N,1281,10,1,8
93896,10,8
11487,10,2
72660,10,7
55835,10,9
81639,10,9
38622,10,9
98021,10,9
81617,10,5
N,2046,10,1,5
55011,10,7
48563,10,8
57051,10,3
2548,10,4
57059,10,1
N,1266,10,2,6
16067,10,10
53926,10,1
93923,10,4
51938,10,4
85713,10,8
79443,10,2
N,2268,10,1,16
56887,10,2
11975,10,8
23783,10,10
81063,10,10
97223,10,2
32483,10,7
55733,10,10
88693,10,8
78547,10,2
6215,10,4
89831,10,10
60886,10,2
73446,10,7
65043,10,10
57044,10,10
56023,10,3
N,258,10,1,7
56794,10,8
81571,10,7
24423,10,8
32485,10,10
24246,10,2
40407,10,2
16071,10,9
N,297,10,2,6
87718,10,3
71395,10,9
68583,10,1
23783,10,5
84575,10,7
3519,10,1
N,1153,10,2,17
34519,10,10
57063,10,4
25314,10,1
58841,10,7
81254,10,3
23725,10,2
77412,10,6
55783,10,4
2113,10,4
23973,10,2
74333,10,9
93925,10,7
18215,10,4
24259,10,7
73226,10,6
81311,10,9
81638,10,10
N,2219,10,1,9
24294,10,9
97750,10,8
87918,10,3
72162,10,4
35317,10,7
73375,10,10
23271,10,7
57031,10,2
73297,10,9
N,2273,10,1,10
89791,10,3
62132,10,3
57957,7,9
36835,10,7
88151,10,9
73447,10,6
23239,10,2
80341,10,7
82663,10,5
95575,10,7
N,944,10,2,15
64727,10,2
38631,10,9
40034,10,4
89827,10,3
20698,10,7
16092,10,1
47839,10,8
36571,10,3
72262,10,7
81103,10,10
56023,10,5
24030,10,7
6211,10,5
56863,10,6
10447,10,3
N,200,10,2,20
10726,10,5
87651,10,3
65127,10,2
14390,10,7
34879,10,5
80355,10,9
63207,10,10
64204,10,10
56518,10,5
16067,10,9
30770,10,2
48707,10,7
65161,10,2
55527,10,5
60130,10,7
35522,10,5
88961,10,10
46782,10,10
89239,10,2
29891,10,6
N,1155,10,2,8
44757,10,3
55783,10,9
14133,10,4
4039,10,6
40287,10,9
15961,10,8
32126,10,1
87777,10,10
N,9,10,1,20
54951,10,6
97477,10,6
30030,10,4
63902,10,10
80615,10,2
56450,10,4
6151,10,6
64231,10,6
80487,10,8
5638,10,8
19683,10,8
89831,10,4
55647,10,9
85461,10,2
85730,10,9
98019,10,3
81093,10,10
22743,10,7
72540,10,9
40135,10,10
N,2307,10,2,7
38265,10,10
23207,10,10
31459,10,2
31712,10,2
75911,10,4
81639,10,5
57063,10,5
N,2867,10,1,17
79289,10,8
1862,10,8
80615,10,2
23203,10,6
85447,10,8
36170,10,8
5959,10,9
27239,10,10
48727,10,9
13477,10,8
10303,10,7
87717,10,4
56583,10,8
19415,10,4
5172,10,10
89591,10,1
31499,10,2
R,10,1,671
N,1506,10,1,14
65119,10,8
80543,10,8
30439,10,6
2757,10,5
1959,10,10
24290,10,6
98885,10,5
89510,10,6
13010,10,7
20036,10,2
13400,10,8
67231,10,7
93925,5,7
97895,10,2
D,10,9
N,331,10,1,11
60125,10,2
15839,10,7
55463,10,6
45671,10,6
64157,10,5
22183,10,2
65103,10,2
64215,10,5
56387,10,3
36287,10,6
67279,10,7
N,1120,10,2,6
31903,10,2
50521,10,1
31961,10,1
23235,10,6
44622,10,5
81507,10,7
N,2558,10,1,6
46754,10,9
55957,10,10
79271,10,6
81631,10,1
89831,10,7
55971,10,3
N,735,10,2,14
98005,10,7
54873,10,10
81632,10,6
69239,10,6
14299,10,5
66102,10,2
24231,10,10
78563,10,6
40641,10,8
12953,10,5
69095,10,7
1490,10,6
48870,10,8
15559,10,7
N,1282,10,1,17
16055,10,2
40667,10,3
85223,10,1
40679,10,6
55523,10,3
37511,10,10
96946,10,5
3139,10,1
4033,10,4
88807,10,6
81511,10,8
46690,10,3
5959,10,2
94053,10,2
77525,10,4
32189,10,10
23124,10,4
N,327,10,2,13
64743,10,9
66742,10,10
97959,10,4
6151,10,9
60135,10,10
22171,10,8
59373,10,6
81619,10,8
80934,10,3
64159,10,1
3653,10,3
69221,10,6
23908,10,1
N,1025,10,2,7
16069,7,10
23953,10,1
61103,10,6
39895,10,5
57037,10,2
84836,10,7
54911,10,4
N,2606,10,1,11
42597,10,8
28377,10,1
87005,10,7
64743,10,2
81254,10,5
72357,10,7
43683,10,10
37566,10,6
40423,10,8
44773,10,7
32453,10,6
N,331,10,1,7
54429,10,8
20166,10,7
73447,10,7
12359,10,10
29830,10,9
14567,10,6
6213,10,5
N,2817,10,2,8
73447,10,10
56669,10,6
56885,10,9
72367,10,4
38523,10,3
32355,10,3
48295,10,5
71399,10,1
N,962,10,1,11
74968,10,9
79959,10,1
54733,10,9
24167,10,6
85595,10,4
15462,10,4
11751,10,7
48550,10,9
29179,10,5
81367,10,9
64227,10,7
N,1219,10,2,19
16103,10,9
48479,10,3
32487,10,3
82629,10,2
31463,10,8
30436,10,5
97767,10,4
95932,10,6
60341,10,4
40580,10,8
39991,10,5
81529,10,10
90855,10,9
48867,10,9
28349,10,6
63207,10,1
15939,10,2
89831,10,5
8711,10,4
N,2290,10,2,14
18151,10,7
3143,10,2
6215,10,5
63847,10,10
16005,10,8
14023,10,10
24039,10,3
77479,10,4
72931,10,10
23143,10,10
89759,10,1
24164,10,6
4100,10,10
47062,10,6
N,1275,10,1,12
20192,10,8
14405,10,7
6213,10,2
64455,10,3
4679,10,9
20962,10,9
15895,10,5
87781,2,9
69255,10,7
23765,10,5
62503,6,4
87645,10,8
N,465,10,2,19
16007,10,6
56985,10,2
97780,10,6
99047,10,1
61127,10,2
47783,10,6
25759,10,5
79541,10,9
38631,10,10
89831,10,5
20192,10,4
62687,10,2
95351,10,4
61159,10,10
68807,10,8
95459,10,5
73383,10,9
69205,10,5
21719,10,5
N,1283,10,1,13
64839,10,7
39620,10,1
93847,10,8
36547,10,4
70879,10,10
72412,10,3
71905,10,9
33501,10,5
21734,10,9
88789,10,1
48534,10,7
38550,10,4
88293,10,6
N,131,10,1,19
81605,10,6
55777,10,10
69331,10,1
28134,10,9
6191,10,9
8262,10,9
44183,10,8
32279,10,10
2851,10,9
69861,10,2
31451,10,8
73157,10,2
15711,10,8
2086,10,7
43742,10,6
28103,10,8
51909,5,1
5862,10,9
31858,10,4
N,65,10,2,13
40167,2,4
23443,10,8
40039,10,8
48103,10,6
67023,10,9
15459,10,9
98023,10,5
11687,10,6
55011,10,2
67294,10,2
39646,10,1
89479,10,8
6165,10,7
N,2295,10,1,13
85475,10,10
73279,10,1
55002,10,1
26763,10,1
15933,10,9
63651,10,6
79586,10,8
89191,10,2
73252,10,8
10959,10,7
15837,10,9
24295,10,6
5141,10,9
N,514,10,2,5
61031,10,1
48859,10,5
31159,10,5
28903,10,2
77125,10,10
N,1282,10,1,5
48835,10,10
32167,10,1
79527,10,3
47525,10,2
39651,10,8
N,1247,10,1,16
32421,10,4
40601,10,9
88767,10,1
44711,10,4
89623,10,8
98021,10,4
21699,10,10
52867,10,3
96997,10,7
23581,10,1
14303,10,9
46785,10,7
48293,10,7
56549,10,3
89830,10,5
24287,10,10
N,1283,10,1,13
7651,10,5
65231,10,1
77210,10,7
96933,10,7
12415,10,9
56935,10,3
55767,10,4
40167,10,10
85462,10,9
73311,10,7
67806,10,7
20131,10,4
88711,10,7
N,1171,10,2,8
32450,10,2
54997,10,6
87698,10,5
31973,10,10
80343,10,10
73447,10,3
40679,10,7
40099,10,4
N,1215,10,2,12
73422,10,3
60645,10,7
93863,10,9
48310,10,10
62171,10,5
89825,10,3
63168,10,4
38548,10,5
18819,10,10
86757,10,2
93869,10,8
85715,10,1
N,704,10,1,12
38119,10,2
21627,10,1
72422,10,3
73319,10,8
80987,10,1
97827,10,2
76175,10,5
81435,10,5
81123,10,9
40549,10,1
56853,10,5
47014,10,3
N,2123,10,2,9
56741,10,10
29879,10,2
24247,10,8
24167,10,5
48326,10,3
79009,10,8
24161,10,3
20811,10,7
14687,10,2
N,2811,10,1,18
64229,10,4
26203,1,3
41415,10,7
48851,10,8
3135,10,8
31728,10,7
11935,10,7
31367,10,3
65184,10,2
59846,10,7
64037,10,5
62054,10,4
16097,10,10
92871,10,9
6209,10,8
15591,10,10
47826,10,10
3141,10,2
N,171,10,1,15
97947,10,1
80191,10,6
87775,10,3
80231,10,3
81609,10,7
27991,10,3
54245,10,1
13013,10,8
75495,10,4
62687,10,9
52167,10,5
85717,10,7
78542,10,2
6051,10,1
81406,10,3
N,1282,10,1,19
30430,10,3
48678,10,4
72103,10,7
73317,10,4
34468,10,4
16090,10,3
44663,10,10
40405,10,6
80791,10,10
38211,10,3
40647,10,8
43454,10,4
3830,10,4
33511,10,1
40641,10,8
65159,10,3
55,10,8
93799,10,2
5191,10,4
N,2179,10,2,9
56069,10,1
9669,10,1
80487,10,5
15711,10,4
60127,10,4
47317,10,5
64735,10,7
95879,10,10
6167,10,8
N,2562,10,2,14
73279,10,9
30939,10,9
96999,10,8
14215,3,1
2119,10,4
97763,10,1
71335,10,1
5562,10,9
96989,10,10
71268,10,4
32373,10,10
30423,10,9
56018,10,5
6175,10,1
N,2922,10,2,15
77794,10,3
32956,10,4
23255,10,10
18099,10,7
6190,10,1
89312,10,7
38043,10,4
24293,10,2
54999,10,8
4606,10,7
15543,10,9
9527,10,1
31714,10,9
31966,10,8
95166,10,2
N,1699,10,1,19
65211,10,7
64927,10,4
85410,10,10
80870,10,3
44775,10,1
27365,10,7
44775,10,2
35750,10,9
19966,10,4
40404,10,4
56541,10,4
78535,10,1
65250,10,2
68963,10,5
50775,10,5
20197,10,2
64868,10,4
78407,10,1
41486,10,3
N,1249,10,1,19
80594,10,9
32481,10,1
46527,10,2
59875,10,3
89255,10,6
31457,10,2
58342,10,10
65247,10,10
56533,10,1
63070,10,5
97958,10,6
39383,10,2
24282,10,4
23127,10,4
15813,10,9
56839,10,6
78295,10,6
65230,10,1
60325,10,6
N,291,10,1,20
20995,10,8
40549,10,7
33375,10,2
40636,10,8
3143,10,9
36575,10,10
71989,10,5
11747,10,5
85731,10,7
23367,10,1
21183,10,5
65119,10,3
48593,10,2
9695,10,8
73429,10,2
15839,10,4
13887,10,8
73445,10,4
32311,10,9
15333,10,8
N,2051,10,2,14
39423,10,5
29859,10,1
79975,10,3
73430,10,4
86119,10,2
79841,10,10
81511,10,9
79783,10,10
72422,10,6
23143,10,9
79591,10,8
97699,10,7
22502,10,3
47573,10,8
N,643,10,2,6
95975,10,4
23139,10,8
24295,10,6
95431,10,5
519,10,9
80295,10,10
N,2049,10,2,18
79590,10,8
5133,10,10
77143,10,4
5814,10,9
89813,10,6
32477,10,1
32454,10,8
78303,10,10
65102,10,1
40679,10,2
76919,10,7
14450,10,8
63139,10,6
46246,10,3
30419,10,1
48055,10,7
62935,10,3
16867,10,2
N,2307,10,1,9
69783,10,6
61159,10,6
89381,10,5
92974,10,9
62948,10,3
72791,10,6
11991,10,3
60641,10,10
40677,10,7
N,2947,10,1,7
44247,10,8
92334,10,3
37943,10,4
28263,10,10
16039,10,10
80647,10,9
85474,10,2
N,699,10,1,10
53607,10,7
47765,10,10
30435,10,7
42645,10,5
56547,10,9
40423,10,5
32103,10,5
16103,10,8
2019,10,3
76965,10,10
N,2267,10,2,15
77339,10,1
56182,10,7
90755,10,3
47671,10,1
94931,10,2
3129,10,1
64167,10,3
10304,10,7
39911,10,10
38374,10,7
40637,10,8
81379,10,5
73238,10,6
48871,10,2
15831,10,10
N,1858,10,1,14
96350,10,2
71885,10,10
56925,10,4
54183,10,2
71879,10,6
6023,10,6
24285,10,7
15013,10,5
24241,10,4
24223,10,7
69266,10,1
36231,10,4
19610,10,3
44342,10,8
N,1782,10,1,14
49807,10,9
55015,10,8
44215,10,3
93511,10,4
40546,10,5
23959,10,5
71,10,3
40678,10,5
38613,10,10
5319,10,8
89110,10,9
3649,10,6
3004,10,2
89190,10,5
N,231,10,1,12
48845,10,2
36583,10,10
77031,10,2
16039,10,9
9058,10,8
5575,10,4
8903,10,1
14055,10,3
5511,10,5
38323,10,6
87775,10,1
95974,10,4
N,1663,10,2,13
14006,10,3
79591,10,10
15911,10,7
43651,10,5
3877,10,3
63718,10,10
48871,10,7
46951,10,5
40135,10,10
19046,10,9
5431,10,2
29655,10,1
40674,10,9
N,705,10,1,9
97949,10,3
63122,10,2
48871,10,6
36038,10,10
99023,10,4
87363,10,8
23717,10,7
60133,10,5
42201,10,6
N,2050,10,2,8
30019,10,7
4935,10,3
6077,10,2
89553,10,5
2623,10,3
81127,10,8
5430,10,5
44771,10,5
N,232,10,2,17
63703,10,1
73371,10,3
6167,10,10
80303,10,4
51077,10,3
13527,10,8
80595,10,4
8665,10,5
57315,7,5
96166,10,7
85702,10,3
69285,10,1
89479,10,3
73319,10,9
98023,10,4
14054,10,1
14567,10,10
N,510,10,1,17
87269,10,3
10896,10,2
52711,10,10
56467,10,9
48278,10,9
4157,10,4
72279,10,5
44771,10,9
78292,10,7
65251,10,9
92883,10,7
72351,10,6
2048,10,5
97764,10,10
87735,10,1
21991,10,3
6135,10,2
N,2386,10,1,15
48695,10,1
96482,10,8
54622,10,3
73446,10,9
81323,10,1
56549,10,1
56039,10,9
10975,10,3
31815,10,5
15427,10,8
64159,10,6
98023,10,10
23779,10,1
56919,10,2
73307,10,9
N,163,10,2,17
55014,10,8
6214,10,1
23783,10,4
89380,10,10
89823,10,2
71127,10,3
97959,10,7
50919,10,5
16005,10,2
56036,10,3
40679,10,4
76512,10,8
4103,10,7
89759,10,8
89238,10,4
71253,10,2
37926,10,8
N,987,10,1,18
72757,10,8
40678,10,3
86079,10,9
16038,10,7
54869,10,5
96865,10,7
48103,10,6
38559,10,2
57054,10,9
9814,10,10
48743,10,10
73198,10,7
10822,10,5
32483,10,9
48833,10,6
15519,10,3
83687,10,10
73143,10,10
N,1571,10,2,19
61079,10,5
44135,10,8
68405,10,6
48499,10,2
16102,10,5
2103,10,9
1254,10,9
39653,10,2
19686,10,10
67143,10,8
15975,10,7
77439,10,4
46431,10,1
24285,10,4
23839,10,6
65255,10,4
14948,10,4
87231,10,9
96861,10,2
N,1023,10,2,6
64733,10,8
73039,10,8
12295,10,7
56991,10,9
59239,10,8
6182,10,5
N,1535,10,2,11
48381,10,9
48357,10,5
61158,10,2
48863,10,7
85077,10,4
44519,10,9
85031,10,8
61991,10,5
13463,10,7
96986,10,1
70115,10,8
N,1283,10,1,16
73443,10,2
24291,10,10
68707,10,2
95957,10,6
26855,10,7
77511,10,1
85156,10,2
10971,10,5
40679,10,7
88547,10,10
83662,10,2
89575,10,1
32211,10,10
73431,10,1
24293,10,3
11847,10,6
N,2306,10,1,10
89143,10,5
40661,10,4
22481,10,10
65247,10,10
27879,10,10
11687,10,3
23521,10,6
60567,10,4
64743,10,8
57030,10,1
N,2275,10,2,13
65239,10,7
15546,10,1
89829,10,8
3125,10,1
80487,10,1
56935,10,4
37247,10,1
48165,10,8
89271,10,6
1031,10,5
10671,10,10
30949,10,4
46711,10,7
N,1666,10,2,6
30437,10,4
39398,10,7
18591,10,5
48871,10,8
2102,10,2
9847,10,9
N,166,10,1,12
13855,10,5
48850,10,9
52295,10,6
19486,10,8
47519,10,3
14935,10,4
65190,10,2
38694,10,3
89831,10,6
98023,10,6
12868,10,6
42214,10,10
N,51,10,1,13
48867,10,10
73173,10,1
97700,10,6
6147,10,8
32459,10,9
72161,10,6
97762,10,1
72362,10,7
36499,10,7
32486,10,4
45511,10,1
73347,10,5
36555,10,6
N,2675,10,2,16
85607,10,2
31431,10,4
15477,10,1
56579,10,9
38623,10,2
95391,10,1
39687,10,3
10942,10,8
6212,10,8
57026,10,2
79535,10,8
48855,10,2
65115,10,3
5943,10,2
23263,10,9
39655,10,4
N,2784,10,2,7
71393,10,6
88646,10,6
89831,10,3
54989,10,1
33511,10,1
18900,10,9
58518,10,10
N,203,10,2,12
52711,10,6
65183,10,9
31959,10,9
80531,10,5
93327,10,5
52437,10,10
65255,10,2
59743,10,10
95381,10,10
65220,10,1
61095,10,6
65251,10,3
N,1233,10,2,13
60951,10,1
8221,10,4
13413,10,1
48823,10,1
31655,10,5
40615,10,4
16083,10,4
24039,10,1
40163,10,1
24163,10,2
52935,10,10
64231,10,3
91087,10,8
N,1975,10,2,9
72079,10,3
32207,10,2
80615,10,1
73246,10,2
60317,10,1
14767,10,4
73055,10,7
73318,10,2
16063,10,9
N,184,10,1,13
60391,10,9
5158,10,2
28381,10,6
29895,10,1
55695,10,10
17587,10,8
56766,10,8
85470,10,3
49318,10,10
85223,10,1
44063,10,6
88550,10,2
29411,10,8
N,1275,10,2,15
55719,10,4
76951,10,10
43683,10,10
89280,10,3
91869,10,9
24022,10,9
6071,10,5
4679,10,5
24279,10,5
32270,10,3
9447,10,2
42723,10,3
15331,10,5
39367,10,6
20199,10,4
N,1569,10,1,5
3143,10,4
31827,10,2
97507,10,6
47655,10,9
64742,10,5
N,2201,10,2,14
83431,10,6
73351,10,3
79591,10,6
93414,10,8
89570,10,2
4142,10,8
69085,10,6
14325,10,4
52823,10,6
44647,10,10
77478,10,5
12007,10,10
7102,10,6
97891,10,3
N,1115,10,1,6
81587,10,5
20194,10,4
32419,10,4
97765,10,6
21687,10,7
15846,10,1
N,1198,10,2,9
31703,10,2
18371,10,10
40549,10,10
55527,10,10
16087,10,7
72399,10,5
5431,10,6
76262,10,1
88742,10,1
N,2975,10,1,9
54947,10,9
35765,10,7
48156,10,8
71906,10,1
31635,10,3
62687,10,8
70871,10,3
85335,10,5
5351,10,10
N,2671,10,1,12
46790,10,3
12518,10,8
6136,10,10
89829,10,10
6078,10,1
73190,10,5
68325,10,5
40674,10,9
28389,10,10
38566,10,10
5187,10,2
40101,10,3
N,2271,10,2,19
48823,10,5
21094,10,7
89238,10,10
34502,10,4
36451,10,8
97893,10,4
97103,10,6
3395,10,9
52386,10,3
73179,10,2
89369,10,4
81311,10,2
61143,10,10
71139,10,10
87491,10,2
20967,10,4
61006,10,2
10685,10,8
89639,10,3
N,1250,10,2,13
62695,10,5
95207,10,4
47834,10,7
4151,10,9
89253,10,1
39137,10,9
39655,10,2
63143,10,4
56039,10,7
15462,10,9
24163,10,3
5703,10,7
32481,10,6
N,1795,10,2,11
52583,10,6
38374,10,6
21543,10,1
2115,10,4
97735,10,3
70118,10,9
5823,10,4
27545,10,9
79459,10,8
34498,10,9
11927,10,6
N,327,10,1,10
20187,10,3
69319,10,1
31461,10,7
31944,10,9
9879,10,8
44775,10,2
89806,10,4
5927,10,10
11726,10,3
74855,10,6
N,173,10,1,16
80101,10,2
40679,10,9
14631,10,3
12006,10,8
89500,10,3
15934,10,3
16083,10,6
96983,10,8
98021,10,5
87654,10,1
15069,10,5
97731,10,6
96835,10,5
81088,10,7
40662,10,4
64228,10,6
N,2049,10,1,13
16031,10,1
12003,10,9
57058,10,3
50142,10,10
44229,10,9
89654,10,4
63719,10,4
48742,10,3
14520,10,3
71907,10,7
32038,10,5
79579,10,1
63127,10,7
N,1501,10,1,20
95204,10,8
65255,10,9
73435,10,1
68077,10,6
70882,10,1
79969,10,5
48871,10,3
89767,10,6
65252,10,2
72763,10,3
73437,10,4
56733,10,8
89671,10,10
93798,10,3
52922,10,2
3135,10,2
32167,10,10
80356,10,2
68455,10,2
32351,10,2
N,1479,10,2,11
15719,10,5
68819,10,5
11397,1,6
47847,10,5
6151,10,9
4711,10,8
31455,10,1
2118,10,8
99933,10,1
19751,10,8
23655,10,8
N,2135,10,1,5
77543,10,10
79007,10,1
40485,10,8
5358,10,3
64995,10,1
N,1217,10,1,18
52455,10,8
98023,10,2
5958,10,9
85671,10,7
64178,6,1
44639,10,3
56997,10,1
60963,10,3
35807,10,3
73435,10,6
73351,10,8
11971,10,4
80329,10,4
83547,10,6
15909,10,2
83615,10,9
35675,10,2
40646,10,7
N,73,10,1,7
72805,10,10
22326,10,1
69343,10,5
63183,10,4
63653,10,10
45535,10,5
97932,10,8
N,2550,10,1,6
48454,10,8
24295,10,1
62150,10,8
960,10,1
31463,10,7
65255,10,6
N,747,10,1,19
98001,10,8
70362,10,4
63591,10,4
52957,10,1
24039,10,6
81487,10,8
39911,10,7
73447,10,9
43366,10,6
44583,10,4
81638,10,5
11863,10,10
29671,10,7
27806,10,6
97742,10,7
11623,10,6
38612,10,9
97439,10,4
20852,10,5
N,1279,10,1,12
89558,10,2
33971,10,2
64999,10,3
98023,10,4
88759,10,7
29222,10,4
88479,10,8
73398,10,7
48653,10,10
10946,10,9
71310,10,8
89799,10,8
N,1283,10,2,15
39462,6,5
53983,10,10
44511,10,2
32462,10,1
48654,10,2
40595,10,4
73423,10,6
88422,10,8
39455,10,1
71331,10,3
23599,10,5
4167,10,6
65236,10,5
16071,10,4
21607,10,10
N,2275,10,1,19
19997,10,7
69351,10,2
97479,10,8
76999,10,2
48871,10,1
61094,10,4
3970,10,4
38627,10,10
4167,10,5
22963,10,7
15463,10,8
22247,10,7
65245,10,10
13182,10,10
68135,10,7
81575,10,2
56804,10,7
39902,10,5
85207,10,6
N,1793,10,1,18
13943,10,2
74406,10,8
95207,10,1
82511,10,7
77227,10,9
12903,10,5
78695,10,2
40141,10,1
5127,10,3
86740,10,6
22871,10,3
96413,10,8
32213,10,3
21371,10,7
56918,10,8
48823,10,8
62542,10,4
46270,10,10
N,185,10,2,11
10983,10,4
61029,10,7
22247,10,7
28130,10,2
95971,10,10
96925,10,5
959,10,3
44703,10,4
87650,3,3
71367,10,1
68887,10,3
N,315,10,2,11
89815,10,2
1348,10,6
32423,10,5
61157,10,5
49607,10,3
30361,10,10
15910,10,7
53911,10,1
61012,10,10
96742,10,1
57061,10,10
N,2306,10,2,7
36437,10,5
88545,10,7
32453,10,7
97955,10,5
14305,10,9
59031,10,6
24286,10,10
N,327,10,2,6
48279,10,9
32199,10,3
44255,10,3
61142,10,1
89815,10,3
18357,10,4
N,195,10,1,17
60091,10,1
55859,10,6
80613,10,4
86225,10,3
89575,10,3
97335,10,10
64486,10,2
15471,10,4
31463,10,7
24037,10,2
32102,10,4
54948,10,7
31973,10,1
28340,10,7
50,10,6
95663,10,1
711,10,9
N,2042,10,1,18
56161,10,2
82907,10,10
73318,10,4
16357,10,7
89565,10,8
89527,10,8
54807,10,10
81127,10,6
72165,10,7
40630,10,8
71767,10,6
22244,10,8
9159,10,3
89831,10,5
16053,10,4
57047,10,8
32415,10,5
47822,10,4
N,515,10,1,20
32187,10,2
46167,10,8
73191,10,8
17253,10,7
1719,10,8
15399,10,5
48807,10,2
61154,10,3
87783,10,2
56163,10,7
24015,10,4
40663,10,3
51299,10,3
73186,10,7
56775,10,6
40565,10,3
56279,10,6
23831,10,5
73428,10,9
72390,10,10
N,953,10,1,6
3647,10,7
63462,10,1
16009,10,7
81011,10,7
53726,10,6
32213,10,7
N,331,10,2,17
89555,10,2
96675,10,7
84673,10,7
89535,10,7
24291,10,3
50852,10,3
31207,10,5
95846,10,4
65223,10,8
73319,10,3
73382,10,10
73279,10,10
65229,10,4
20167,10,3
89831,10,7
28317,10,5
79302,10,1
N,279,10,2,14
5415,10,7
73317,10,9
64067,10,2
65123,10,10
48295,10,8
88121,10,10
67238,10,8
71655,10,2
96471,10,10
36517,10,10
56531,10,9
97235,10,3
54176,10,4
96738,10,8
N,2171,10,2,10
57043,10,6
14975,10,7
5181,10,8
36517,10,7
89693,10,8
65155,10,5
1907,10,5
89815,10,2
36197,10,8
16035,10,8
N,2815,10,2,15
16018,10,3
46693,10,9
87505,10,3
11197,10,6
15073,10,10
40665,10,5
40669,10,2
85735,10,2
48263,10,6
89823,10,5
97636,10,4
53475,10,7
96927,10,5
77022,10,7
85376,10,2
N,314,10,2,10
14053,10,5
93903,10,7
45279,10,3
17011,10,3
36059,10,9
40605,10,9
56804,10,2
40535,10,5
57059,10,1
27303,10,8
N,1017,10,1,16
48326,10,3
36547,10,4
12433,10,1
10055,10,8
75463,10,4
72927,10,6
23239,10,6
14551,10,8
6967,10,7
9973,10,5
95460,10,10
4035,10,1
81639,10,1
89549,10,8
60039,10,1
14810,10,9
N,1202,10,1,7
89611,10,2
72415,10,10
32423,10,6
72639,10,7
45639,10,4
11815,10,10
23255,10,10
N,2247,10,1,13
89789,10,2
71887,10,9
15942,10,4
32166,10,2
89794,10,1
64469,10,10
60487,10,4
8771,10,7
47556,10,10
18055,10,1
79079,10,7
710,10,1
95969,10,1
N,1715,10,1,5
40165,10,9
47654,10,5
36421,10,7
19936,10,2
95975,10,1
N,1267,10,2,14
51555,10,2
40386,10,5
89819,10,2
6211,10,6
70565,10,6
55991,10,4
21207,10,1
84455,10,8
25823,10,5
27623,10,6
32422,10,7
46566,10,3
56471,10,10
47327,10,3
N,1202,10,1,17
52371,10,3
54055,10,10
40534,10,8
46717,10,2
32101,10,3
55399,10,9
73303,10,7
72663,10,1
89572,10,2
92807,10,7
53991,10,6
13539,10,6
56470,10,9
81056,10,10
81566,10,3
39287,10,9
65219,10,7
N,171,10,2,5
73378,10,6
23867,10,6
7095,10,2
6182,10,10
91877,10,6
N,235,10,2,20
63079,10,8
28391,10,5
47803,10,9
43751,10,3
18001,10,7
14527,10,10
40671,10,1
64477,10,4
72871,10,1
15590,10,7
29365,10,5
18021,10,2
45543,10,4
79079,10,3
83493,10,9
48871,10,9
37574,10,4
30304,10,8
21790,10,10
62817,10,1
N,1786,10,2,14
23655,10,6
81636,10,7
11271,10,9
16007,10,5
12997,10,2
89814,10,8
11879,10,1
16099,10,4
77523,10,8
89634,10,1
71908,10,4
65253,10,1
23932,10,4
81559,10,5
N,2019,10,2,15
80973,10,3
89733,10,1
83431,10,5
32238,10,6
73430,10,10
47311,10,9
56294,10,10
23758,10,4
24039,10,8
7211,10,10
81639,10,4
3071,10,9
83686,10,7
21664,10,1
83427,10,7
N,201,10,2,19
3578,10,2
72919,10,2
27486,10,10
25830,10,6
67164,10,8
89697,10,5
22615,10,5
63175,10,9
79495,10,8
32485,10,1
89191,10,3
24231,10,8
14311,10,6
88550,10,5
43679,10,9
47447,10,4
71937,10,9
80487,10,9
14913,10,6
N,752,10,2,19
29665,10,5
48839,10,9
72423,10,4
39895,10,6
40309,10,2
40644,10,6
81578,10,2
30439,10,5
93815,10,3
18851,10,1
55703,10,9
97607,10,8
56547,10,1
40447,10,9
81543,10,1
39795,10,1
13947,10,1
35531,10,9
80614,10,10
N,195,10,2,17
89407,10,3
32455,10,8
6199,10,7
1315,10,6
42359,10,1
89812,10,7
81599,10,9
36437,10,5
88798,10,9
43999,10,4
30427,10,3
98019,10,6
40399,10,2
37959,10,7
64998,10,4
39718,10,10
16035,10,6
N,1151,10,1,11
10166,10,9
48805,10,4
57052,10,7
32435,10,3
9959,10,1
40605,10,8
4662,10,8
40663,10,7
15807,10,10
52965,10,6
89419,10,2
N,1187,10,2,13
63207,10,3
95959,10,3
48833,10,7
72422,10,6
9700,10,7
13415,10,5
46691,10,1
97470,10,3
40548,10,2
32471,10,10
56679,10,10
87703,10,6
6077,10,2
N,41,10,2,18
3495,10,4
64991,10,9
72959,10,6
6178,10,4
48639,10,1
88294,10,10
81095,10,4
89535,10,3
15820,10,8
13427,10,10
3647,10,5
56807,10,10
39782,10,5
16039,10,7
32404,10,10
4167,10,10
65247,10,4
98003,10,10
N,119,10,1,9
9191,10,10
67691,10,10
5957,10,10
5186,10,5
32455,10,1
11871,10,9
73411,10,1
88614,10,9
56019,10,7
N,1267,10,2,9
93697,10,4
89559,10,4
89766,10,6
30949,10,7
95591,10,9
69087,10,5
11729,10,7
13894,10,10
93895,10,10
N,1487,10,1,9
99943,10,3
23751,10,5
66327,10,5
44667,10,1
84639,10,10
47835,10,6
5663,10,10
57895,10,7
81510,10,4
N,642,10,2,14
77473,10,8
56935,10,8
56994,10,3
95463,10,5
97223,10,4
52839,10,6
18143,10,4
5191,10,6
81634,10,1
6203,10,9
52791,10,1
40679,10,5
93797,10,10
11868,10,10
N,2721,10,2,5
40675,10,8
23239,10,7
65247,10,4
70054,10,10
39991,10,6
N,1187,10,1,15
73379,10,4
54497,10,3
75599,10,3
41179,10,2
99667,10,1
24199,10,5
15967,10,10
58981,10,10
46822,10,6
3555,10,2
28354,10,5
48546,10,6
12885,10,3
52863,10,2
95968,10,6
N,1827,10,1,18
72919,10,2
77671,10,3
73151,10,10
87399,10,10
79583,10,2
19679,10,4
38485,10,4
89825,10,4
77235,10,7
64030,10,7
43751,10,1
64869,10,2
13987,10,3
38598,10,1
44263,10,7
48839,10,4
42727,10,3
32231,10,6
N,1267,10,2,16
36583,10,1
15012,10,7
64695,10,5
23758,10,8
55903,10,8
79911,10,8
32358,10,3
77125,10,8
30402,10,5
81607,10,3
39639,10,7
47695,10,7
39628,10,4
14950,10,8
91807,10,10
47927,10,9
N,2304,10,1,18
22247,10,10
56959,10,5
88788,10,3
37990,10,8
69350,10,8
39622,10,5
81035,10,2
47601,10,7
89830,10,5
40389,10,10
11459,10,8
14401,10,8
70946,10,6
40649,10,3
72935,10,8
1083,10,4
85605,10,3
54971,10,1
N,1149,10,2,19
56991,10,9
65094,10,3
88341,10,10
81383,10,2
2087,10,5
16087,10,1
48193,10,9
48543,10,6
18821,10,7
12860,10,2
7735,10,6
44743,10,6
32487,10,1
48357,10,6
14023,10,2
39637,10,1
56135,10,5
47831,10,6
54622,10,7
N,1267,10,2,19
46519,10,3
32222,10,3
60837,10,7
73303,10,9
80971,10,1
72615,10,10
85527,10,1
73439,10,5
24255,10,2
75218,10,2
50277,10,9
46727,10,3
46654,10,4
28997,10,6
15422,10,7
15459,10,6
32423,10,10
48867,10,8
22199,10,10
N,699,10,2,5
8918,10,4
30342,2,4
61031,10,6
27363,10,7
73431,10,10
N,187,10,2,11
93409,10,10
80547,10,2
80583,10,3
80735,10,3
97767,10,1
96951,10,3
81068,10,10
92895,10,1
5185,10,6
89063,10,2
57058,10,9
N,2306,10,2,5
32479,10,2
64210,10,5
56670,10,1
15685,10,7
56783,10,9
N,2299,10,2,9
24283,10,3
29839,10,10
72935,10,2
70215,10,5
62919,10,10
24247,10,10
78819,10,2
14655,10,7
88807,10,7
N,325,10,1,14
40103,10,7
95591,10,5
82656,10,2
81571,10,6
91239,10,2
4608,10,7
6069,10,5
91555,10,6
30950,10,9
81507,10,2
69287,10,10
40123,10,10
97879,10,6
19968,10,1
N,2050,10,2,12
89607,10,6
71363,10,8
57047,10,8
13023,10,10
47719,10,1
3847,10,5
15046,10,2
43772,10,7
97315,10,9
1855,10,10
48743,10,6
80507,10,8
N,1535,10,1,11
52929,10,9
89316,10,8
29413,10,3
80578,10,3
47071,10,5
40481,10,1
39637,10,7
28965,1,5
24037,10,10
40566,10,3
98015,10,9
N,1115,10,1,11
48871,10,2
19303,10,7
79543,10,10
37073,10,2
35556,10,7
48805,10,9
5636,10,1
89572,10,1
44167,10,8
28387,10,5
54991,10,8
N,2211,10,2,20
81471,10,10
70999,10,3
93787,10,4
6150,10,10
80530,10,4
85655,10,9
6135,10,7
9935,10,2
67303,10,7
15847,10,8
67149,10,1
30181,10,10
89811,10,4
31334,10,5
50757,10,5
81255,10,1
14989,10,6
33507,10,5
14035,10,1
63783,10,6
N,1219,10,1,8
48677,10,4
36375,10,10
6086,10,6
31331,10,2
15836,10,3
32198,10,5
14037,10,4
35938,10,7
N,2689,10,1,9
46811,10,8
71783,10,9
69862,10,7
14039,10,6
15588,10,1
69317,10,3
80453,10,4
37606,10,3
85718,10,4
N,2267,10,1,12
24163,10,1
98407,10,9
64999,10,4
88999,10,4
10967,10,1
28449,10,10
56423,10,2
78031,10,3
17095,10,3
64671,10,10
31463,10,8
24038,10,1
N,1185,10,1,14
38487,10,10
65255,10,7
32451,10,2
89777,10,1
73315,10,9
32487,10,10
6215,10,10
73569,10,10
79399,10,2
54835,10,1
2599,10,5
97831,10,6
82501,10,9
73423,10,7
N,306,10,1,16
1973,10,7
23271,10,3
73319,10,3
40156,10,1
95975,10,9
5959,10,6
40039,10,4
15079,10,8
88771,10,10
57037,10,9
39124,10,4
64727,10,7
38373,10,7
47586,10,8
83431,10,6
15583,10,9
N,1633,10,1,9
88592,10,8
81125,10,8
72363,10,2
39526,10,6
89825,10,10
64471,10,4
17511,10,9
98021,10,8
55939,10,7
N,2179,10,1,19
21587,10,2
40551,10,6
56935,10,2
66899,10,9
15701,10,10
93927,10,7
72935,10,6
40141,10,6
15825,10,5
46567,10,3
86661,10,9
97343,10,3
32227,10,6
64658,10,1
9419,10,4
81639,10,6
40655,10,5
44767,10,2
40486,10,6
N,297,10,2,19
20198,10,8
51528,10,9
65255,10,8
38118,10,6
47815,10,5
40637,10,3
64431,10,7
89539,10,1
13862,10,7
5282,10,2
85730,10,10
97863,10,1
18631,10,7
81635,10,10
62182,10,2
6199,10,10
31935,10,8
5700,10,4
48871,10,4
N,1023,10,2,12
56646,10,6
29283,10,3
16047,10,3
68821,10,3
64733,10,2
13790,10,5
65105,10,9
31455,10,1
44263,10,9
86695,10,10
91807,10,9
89703,10,9
N,1147,10,2,17
64214,10,4
24295,10,10
97983,10,5
24159,10,4
22231,10,5
46296,10,1
34951,10,7
62689,10,2
46559,10,8
11937,10,1
98012,10,8
515,10,10
56551,10,2
15751,10,4
95271,10,10
65251,10,1
56743,10,1
N,963,10,1,7
60959,10,10
39101,10,3
11349,10,2
48327,10,9
28244,10,4
97123,10,7
16055,10,6
N,320,10,1,19
68327,10,3
56985,10,3
89807,10,4
97767,10,9
89716,10,2
77215,10,8
96901,10,3
15303,10,3
52891,10,1
48339,10,5
47163,10,9
10151,10,5
30419,10,7
93710,10,8
70359,10,9
62666,10,4
15814,10,9
44643,10,8
16083,10,1
N,2161,10,2,18
48801,10,7
55905,10,7
81638,10,7
97751,10,9
24213,10,7
81316,10,10
42727,10,1
15458,10,2
65237,10,8
91622,10,2
80519,10,2
70254,10,3
46663,10,6
81315,10,8
62436,10,1
46279,10,5
15491,10,2
47973,10,1
N,2215,10,2,12
34471,10,2
11783,10,4
10980,10,4
60659,10,1
5191,10,10
76997,10,2
40598,10,6
49615,10,8
71303,10,9
14139,10,7
15891,10,10
40199,10,1
N,1251,10,1,17
3207,10,2
97951,10,6
89373,10,5
40062,10,9
64210,10,3
85654,10,9
8775,10,5
72675,10,3
23875,10,1
81309,10,2
1983,10,9
38983,10,6
5095,7,5
13631,10,9
62183,10,10
77411,10,9
64741,10,3
N,2114,10,1,19
11847,10,9
64055,10,2
32131,10,7
73411,10,3
5959,10,5
48740,10,6
1926,10,5
61079,10,6
1862,10,7
5183,10,3
77923,10,2
57051,10,2
52319,10,10
16094,10,3
39526,10,10
27139,10,5
70883,10,4
68933,10,1
98023,10,6
N,331,10,2,16
1727,10,3
59619,10,10
44772,10,3
16037,10,5
32383,10,7
73319,10,2
57050,10,3
81063,10,5
5378,10,6
48737,10,7
71359,10,9
97479,10,3
6213,10,9
89757,10,2
54659,10,7
23078,10,7
N,2303,10,2,12
24199,10,2
56759,10,7
34214,10,9
73421,10,8
89814,10,4
5919,10,7
60901,10,4
48853,10,4
79430,10,2
85725,10,6
86743,10,2
95957,10,5
N,1790,10,1,11
63527,10,9
88540,10,1
89825,10,9
1087,10,5
44775,10,8
57063,10,7
13029,10,2
76459,9,5
39335,10,2
93799,10,6
57063,10,10
N,993,10,1,20
87267,10,10
9959,10,5
9791,10,9
68967,10,8
18135,10,4
23063,10,9
79076,10,5
52966,10,5
16098,10,4
22119,10,8
72335,10,10
16066,10,6
16003,10,3
9510,10,4
65247,10,7
11874,10,3
73383,10,3
85719,10,8
64229,10,3
5190,10,1
N,2435,10,2,19
32259,10,10
43111,10,8
56998,10,9
18019,10,9
85541,10,3
11142,10,3
1511,10,4
9340,10,8
96403,10,8
40614,10,6
71653,10,9
10023,10,7
78659,10,6
19550,10,3
19559,10,5
55015,10,1
15974,10,4
18143,10,6
16063,10,2
N,2819,10,2,5
97458,10,6
4535,10,5
13517,10,1
81623,10,6
6199,10,9
N,2290,10,2,20
3109,10,2
51926,10,2
40602,10,8
44775,10,8
50647,10,2
28229,10,5
23271,10,5
85159,10,1
5954,10,8
85927,10,4
31463,1,4
94439,10,4
73239,10,6
87523,10,2
64999,10,7
97983,10,8
40614,10,4
40391,10,3
22742,10,8
20000,10,1
N,1473,10,2,9
21351,10,8
76735,10,8
97767,10,10
85218,10,2
64934,10,1
73159,10,10
40103,10,8
24245,10,4
11982,10,5
N,995,10,1,14
87255,10,2
59812,10,7
39837,10,2
94925,10,1
79959,10,7
5750,10,10
93382,10,9
96998,10,7
37991,10,7
44718,10,2
65126,10,1
52894,10,10
19618,10,2
37855,10,6
N,2225,10,1,11
5187,10,4
52967,10,9
52863,10,3
42023,10,7
97501,10,3
12359,10,3
63088,10,2
52917,10,9
5813,10,4
32486,10,7
56800,10,2
N,1023,10,1,15
91623,10,3
52694,10,6
95843,10,10
10966,10,5
63585,10,5
60100,10,9
30182,10,7
23205,10,5
40599,10,8
81638,10,5
16071,10,2
22159,10,9
51943,10,1
5044,10,4
22181,10,8
N,1155,10,2,9
37863,10,8
96895,10,6
14703,10,9
6182,10,3
80215,10,10
26759,10,5
52966,10,10
96728,10,5
23975,10,2
N,2307,10,1,5
47590,10,7
40314,10,8
32199,10,5
98007,10,10
36071,10,5
N,1219,10,2,7
27838,10,4
56711,10,10
24007,10,7
28391,10,4
23247,10,10
3079,10,8
21671,10,6
N,2050,10,1,17
56023,10,4
97879,10,10
97963,10,8
65222,10,5
22241,10,1
15335,10,4
72795,10,4
40679,10,6
81623,10,1
43462,10,1
39618,10,4
40543,10,5
23135,10,1
65247,10,7
62695,10,2
50127,10,6
87781,10,3
N,1562,10,1,20
63207,10,3
69341,10,1
20199,10,5
56806,10,1
87701,10,9
93895,10,4
89771,10,3
21951,10,2
3101,10,2
23199,10,9
54911,10,10
5875,10,1
24279,10,7
20069,10,8
70821,10,9
5409,10,9
71143,10,5
24207,10,5
6215,10,2
53883,10,10
N,2306,10,1,18
15548,10,1
9799,10,5
28357,10,7
31718,10,8
39653,10,7
27929,10,4
24289,10,3
64655,10,1
55525,10,4
79571,10,9
73446,10,10
97443,10,4
95910,10,9
48655,2,1
24279,10,7
53895,10,9
31206,10,9
44759,10,7
N,327,10,1,8
40599,10,3
88327,10,8
54581,10,9
2119,10,2
81381,10,10
80356,10,2
39383,10,9
89799,10,3
N,385,10,1,10
94911,10,1
87007,10,7
15635,10,9
58087,10,8
58983,10,2
98023,10,10
89572,10,3
63903,10,8
30022,10,5
97507,10,3
N,2179,10,2,13
65063,10,10
40677,10,5
22755,10,6
44775,10,3
61663,8,2
6085,10,8
16101,10,7
89689,10,1
57039,10,7
11203,10,5
56998,10,9
72423,10,1
93343,1,3
N,1379,10,2,10
89214,10,2
9947,10,10
55782,10,1
72307,10,2
11838,10,8
2119,10,10
31463,10,6
31463,10,10
13287,10,9
81508,10,5
N,2275,10,2,7
13029,10,5
15647,10,8
89647,10,8
64742,10,2
36323,10,1
56039,10,1
47811,10,1
N,75,10,2,18
96835,10,8
65247,10,8
70332,10,6
56791,10,5
49895,10,9
56997,10,6
39627,10,8
48359,10,7
36005,10,4
81399,10,5
72807,10,1
23526,10,9
46247,10,3
44487,10,3
31975,10,3
15892,10,3
97894,10,9
37287,10,6
N,1263,10,2,9
55878,10,5
6206,10,6
65141,10,10
40646,10,6
5696,10,7
5415,10,1
52629,10,3
56803,10,6
79073,10,5
N,739,10,2,11
97731,10,2
80087,10,10
5379,10,3
40038,10,5
79578,10,7
63967,10,10
80995,10,5
50583,10,3
71749,10,4
71130,10,9
1607,10,9
N,1283,10,1,6
62682,10,1
81108,10,5
73091,10,4
31399,10,1
89823,10,8
9746,10,8
N,2777,10,1,18
55781,10,2
55518,10,6
60365,10,7
46551,10,8
87442,10,8
16086,10,9
73283,10,7
89535,10,1
30375,10,10
36326,10,7
73191,10,2
56678,10,2
11999,10,1
72837,10,6
48694,10,8
40673,10,5
6071,10,3
97509,10,1
N,134,10,2,8
72863,10,1
10693,10,1
16038,10,3
16066,10,9
72885,10,10
19173,10,7
71399,10,5
93927,10,4
N,2286,10,2,20
28374,10,2
46783,10,6
70492,10,8
81245,10,2
48867,10,1
92519,10,4
13023,10,5
53991,10,5
73222,10,10
15077,10,7
32487,10,9
71965,10,6
68326,10,4
79281,10,10
2023,10,1
40625,10,8
45285,10,5
44764,10,1
60871,10,10
97510,10,6
N,2291,10,1,16
31910,10,5
52911,10,1
23255,10,10
52903,10,9
44519,10,9
24102,10,8
89789,10,7
48340,10,10
69223,10,10
16099,10,1
95461,10,1
87705,10,1
64967,10,3
87783,10,9
59111,10,5
31138,10,5
N,960,10,2,17
5125,10,10
23871,10,5
43933,10,6
22583,10,5
6215,10,8
72742,10,3
1734,10,10
97498,10,6
98918,10,9
4942,10,7
11815,10,3
57037,10,3
71399,10,5
89829,10,4
69319,10,1
28135,10,1
6197,10,6
N,2307,10,2,5
88482,10,4
89439,10,10
62429,10,1
88675,10,3
97949,10,1
N,2819,10,2,6
2819,10,7
55955,10,4
52967,10,3
89446,10,1
45407,10,7
88294,10,10
N,2979,10,1,13
91555,10,7
89570,10,5
2110,10,8
42151,10,4
64219,10,10
43095,10,4
79463,10,8
97503,10,7
98950,10,1
46533,10,1
55999,10,2
31975,10,9
6205,10,10
