D,10,2
N,315,10,5,20
57022,10,2
5702,10,3
86117,10,9
96795,10,4
15718,10,1
38607,10,1
32295,10,8
38359,10,7
84043,10,9
72415,10,7
87415,10,4
48469,10,5
39648,10,6
89698,10,10
44671,10,1
52319,10,5
30940,4,4
40591,10,6
5697,10,5
32484,10,2
N,2289,10,3,15
26899,10,2
95889,10,1
56899,10,4
4803,10,8
4103,10,1
30407,10,10
38439,10,3
61125,10,5
80429,10,8
95731,10,2
29965,10,9
64921,10,1
31862,10,5
40415,10,10
27365,10,5
N,1890,10,3,18
98007,10,1
56037,10,10
32115,10,3
90855,10,5
23911,10,7
48853,10,2
40647,10,2
2615,10,2
11367,10,1
99271,10,6
70628,10,3
97639,10,1
69076,10,1
15573,10,4
28007,10,5
97718,10,1
11995,10,9
6215,10,7
D,10,5
P,10,4,299,691.93
P,10,5,2178,3129.83
P,10,3,2947,211.17
P,3,2,2554,2683.25
P,10,5,1199,4168.86
P,10,3,1155,1464.01
P,10,4,2298,1865.39
T
N,1267,10,5,19
11991,10,3
5119,10,1
23633,10,1
67303,10,3
71894,10,5
81123,10,5
65249,10,3
32386,10,2
51399,10,8
61831,10,3
85735,10,4
56294,10,1
37723,10,7
64903,4,9
14919,10,4
22179,10,10
54503,10,4
52807,10,9
48614,7,2
N,763,10,4,12
44235,10,6
47839,10,6
48535,6,6
81511,10,7
85448,10,6
49895,10,9
16087,10,5
81279,10,2
28351,10,5
97343,10,3
63409,10,2
23558,10,9
N,1010,10,4,19
48870,10,9
48838,10,5
81459,10,7
75238,10,6
12359,10,1
54983,10,8
48608,10,1
79558,10,2
64911,10,6
63058,10,8
80870,10,5
74443,10,6
97836,10,5
56039,10,2
52966,10,3
39238,10,9
6213,10,10
96671,10,8
81573,10,4
N,328,10,5,19
89047,10,6
23763,10,8
36510,10,3
14111,10,4
34213,10,4
4671,10,6
96903,10,2
97951,10,3
69183,10,3
57028,10,4
36583,10,2
46533,10,7
15750,10,8
73119,10,4
97831,10,10
93733,10,2
96995,10,3
31463,10,4
22811,10,9
N,1148,10,4,18
69153,10,3
25475,10,2
25447,10,3
95197,10,1
2583,10,2
44103,10,8
57060,10,4
10823,10,6
65239,10,2
4151,10,5
73319,10,9
89815,10,9
72150,10,10
36434,10,2
97527,10,7
17575,10,1
24221,10,6
88774,10,6
P,10,3,2171,4240.76
P,10,4,1795,4655.51
P,10,3,2256,1853.96
N,1211,10,5,5
51924,10,4
46773,10,2
34535,10,2
40551,10,10
31906,10,2
N,1529,10,5,14
40071,10,6
44642,10,8
31958,10,4
97735,10,7
6215,10,1
89223,10,9
58979,10,1
9955,10,5
94629,10,3
1694,10,6
31947,10,2
16081,10,10
48213,10,8
42973,10,7
N,1907,10,4,5
96485,10,7
64724,10,8
1511,10,10
32407,10,5
43733,10,8
N,2289,10,3,12
81635,10,10
65179,10,6
5702,10,10
13969,10,9
85660,10,5
64739,10,5
73191,10,10
40355,10,5
89287,10,1
27979,10,9
28359,10,6
8151,10,7
N,1747,10,5,15
37575,10,5
87766,10,6
57057,10,9
97842,10,6
12006,10,5
47779,10,8
61125,10,7
511,10,8
5958,10,9
24166,10,7
96288,10,3
51773,10,7
80979,10,9
40541,10,2
34010,10,2
N,1218,10,5,20
14784,10,8
73351,10,5
27875,10,5
34535,10,9
30239,10,9
63167,10,2
61159,10,9
87843,10,10
5703,10,7
64005,10,8
75463,10,3
89309,10,6
8291,10,6
85401,10,9
69091,10,8
37061,10,7
71205,10,6
44740,10,7
50951,10,4
30919,10,7
N,1137,10,3,9
32487,10,6
79509,10,2
48839,10,6
41693,10,9
97755,10,6
69319,10,6
1827,10,5
5959,10,6
77533,10,7
N,1857,10,5,7
96963,10,3
28359,10,6
65063,10,1
92806,10,6
29374,10,8
710,10,10
28196,10,4
N,1011,10,5,11
12065,10,3
52830,10,8
56469,10,7
38437,10,4
28371,10,8
69221,10,7
55799,10,3
11235,10,8
73311,10,8
32485,10,10
85607,10,7
N,2689,10,3,8
17959,10,7
27814,10,4
53349,10,3
40539,10,3
39639,10,5
77478,10,5
1835,10,10
56370,10,4
N,2269,10,5,18
32225,10,5
6214,10,8
20031,10,1
38415,10,7
5183,10,6
57063,10,9
97977,10,1
64901,10,8
58995,10,9
89695,10,5
11845,10,4
96671,10,10
6197,10,3
14373,10,4
40118,10,3
12085,10,6
14940,10,3
5026,10,6
N,894,10,3,17
5061,10,7
97955,10,10
83809,10,10
46695,10,4
44234,10,6
80861,10,4
28371,10,3
49542,10,4
80053,10,10
24279,10,8
32474,10,9
22871,10,4
93636,10,4
56995,10,4
71343,10,5
19303,10,9
9525,10,1
N,299,10,5,17
81127,10,5
62175,10,3
23783,10,7
68901,10,9
16084,10,8
65251,10,4
48487,10,6
23467,10,6
28055,10,6
43711,10,3
39383,10,1
64715,10,7
97698,10,4
56767,10,2
97983,10,9
2035,10,10
87619,10,5
N,2258,10,4,7
38555,10,6
44775,10,6
89807,10,3
32081,10,1
80471,10,3
96349,10,7
24799,10,2
N,2251,10,4,8
98011,10,10
38053,10,5
76758,10,3
23006,10,6
48354,10,6
65247,10,1
13985,10,4
18151,10,1
N,1270,10,5,8
87741,10,5
38109,10,2
94039,10,4
5181,10,6
9925,10,8
46199,10,3
28261,10,9
65238,10,6
N,674,10,5,15
85159,10,1
97478,10,6
96989,10,4
80613,10,2
89771,10,6
72348,10,2
58830,10,9
97990,10,8
15846,10,9
31335,10,7
53091,10,8
8123,10,8
48355,10,1
24295,10,1
55967,10,3
N,323,10,3,12
72934,10,8
14563,10,7
19155,10,5
93759,10,7
14434,10,8
93895,10,8
48310,10,8
38495,10,3
80099,10,4
39654,10,2
84935,10,1
12503,10,10
N,2267,10,4,13
1580,10,7
32359,10,10
69247,10,5
40513,10,10
83491,10,8
28127,10,9
8254,10,3
70534,10,8
79521,10,5
28191,10,3
64995,10,8
79518,10,8
89767,10,7
N,735,10,4,12
79063,10,7
23087,10,10
95453,10,8
31839,10,3
97108,10,3
57060,10,10
39799,10,6
36895,10,2
13255,10,6
80165,10,2
22099,10,10
72423,10,6
N,1283,10,3,7
32447,10,5
9783,10,5
40630,10,5
30902,10,8
65173,10,10
97438,10,4
23886,10,6
N,1468,10,5,17
16975,10,10
68837,10,9
95973,10,7
54565,10,5
47781,10,5
59107,5,2
56803,10,9
63815,10,2
17843,10,8
95840,10,6
81638,10,4
13542,10,7
38247,10,5
96838,10,3
89661,10,1
97763,10,2
38325,10,4
N,1016,10,4,19
79482,10,7
6131,10,1
5687,10,7
87775,10,3
62847,10,2
4919,10,5
69697,10,9
20645,10,3
40551,10,10
85405,10,7
39911,10,10
48227,10,6
89703,10,2
90822,10,10
23206,10,3
63591,10,4
14563,10,2
93909,10,4
61022,10,10
N,320,10,5,12
14245,10,9
81537,10,2
73181,10,4
40575,10,2
81561,10,8
57047,10,7
27843,10,1
68831,10,3
72902,10,1
32212,10,7
96994,10,3
68061,10,10
N,1119,10,4,11
89535,10,2
55968,10,4
54755,10,2
6087,10,5
87735,10,8
56767,10,6
73409,10,7
35105,10,5
61151,10,10
60615,10,10
86501,10,2
N,1251,10,4,13
56039,10,3
16934,10,2
95718,10,6
54467,10,10
66247,10,8
35482,10,5
56930,10,3
80844,10,1
80599,10,2
80599,10,10
80979,10,8
29671,10,2
64088,10,10
N,2815,10,4,15
81157,10,7
89147,10,4
56807,10,5
23751,10,4
89318,10,6
28387,10,8
32351,10,6
54975,10,1
24283,10,1
64869,10,2
93605,10,10
15828,10,3
98019,10,9
55903,10,4
23207,10,8
N,563,10,3,6
44388,10,9
88147,10,8
80730,10,6
89062,10,1
77285,10,3
23015,10,1
N,1875,10,3,19
8262,10,5
64931,10,10
40677,10,2
64229,10,1
10983,10,3
36583,10,5
6215,10,3
89703,10,2
71766,10,5
14217,10,7
32293,10,3
80312,10,5
10273,10,2
38623,10,8
32483,10,1
89703,10,5
39910,10,9
85407,10,1
4157,10,5
N,1122,10,3,10
73439,10,6
22243,10,10
81239,10,5
29885,10,8
30439,10,10
48573,10,1
13535,10,8
89319,10,10
47591,10,10
47717,10,2
N,2163,10,3,16
51683,10,4
72868,10,1
32423,10,5
48166,10,6
73271,10,8
81507,10,1
72511,10,7
28391,10,1
97985,10,2
40679,10,5
73379,10,10
39955,10,2
57023,10,1
97383,10,6
52907,10,8
22470,10,9
N,2303,10,3,7
81627,10,10
77471,10,8
13975,10,3
25551,10,3
31973,10,7
62945,10,3
13924,10,7
N,1773,10,5,8
13267,10,3
97842,10,8
97383,10,1
81637,10,9
81038,10,8
48607,10,3
44767,10,7
71330,10,5
N,2144,10,3,16
54999,10,8
71396,10,8
23975,10,2
24292,10,3
89765,10,2
89671,10,5
1829,10,10
15569,10,6
74467,10,5
39142,10,9
81467,10,9
71249,10,8
24294,10,8
15794,10,3
89767,10,6
31974,10,8
N,1786,10,5,17
52437,10,9
48609,10,2
77029,7,5
52941,10,3
10103,10,10
27831,10,7
1602,10,4
85283,10,4
53986,10,6
97955,10,7
16053,10,1
10855,10,3
55007,10,5
73307,10,4
8671,10,10
54727,10,8
81093,10,9
N,2041,10,4,16
6137,10,4
81447,10,6
82983,10,10
5118,10,1
50918,10,8
62883,10,10
72163,10,7
11463,10,7
80917,10,4
56662,10,6
46823,10,8
29825,10,2
5883,10,4
97990,10,9
28646,10,3
89828,10,6
N,1044,10,4,5
47555,10,2
32478,10,5
46298,10,5
63197,10,8
35908,10,10
N,1154,10,4,10
73110,10,5
39325,10,9
81031,10,10
15831,10,7
93889,10,6
48359,10,7
30101,10,3
96743,10,8
2102,10,6
48789,10,4
N,2275,10,5,15
80033,10,1
60709,10,8
73375,10,5
40646,10,9
71363,10,7
73399,10,5
91367,10,8
32738,10,3
64103,10,6
24183,10,1
15575,10,2
69715,10,8
25767,10,6
21983,10,2
64229,10,7
N,2307,10,4,11
32479,10,9
22606,10,5
79588,10,7
71877,10,8
63973,10,4
48315,10,8
44705,10,1
65107,10,10
6178,10,10
21399,10,7
40416,10,2
N,199,10,3,10
54995,10,8
44263,10,6
52613,10,2
95430,10,9
48667,10,5
31138,10,8
91831,10,5
48325,10,9
97855,10,1
9886,10,9
N,291,10,3,10
16087,10,10
64119,10,6
73447,10,1
61007,10,3
65255,10,4
87783,10,6
5013,10,2
29924,10,3
89567,10,8
23361,10,6
N,1769,10,4,20
73445,10,2
40679,10,1
94406,10,9
89831,10,3
81505,10,3
89829,10,8
34525,10,8
56867,10,9
40642,10,7
23454,10,7
97977,10,7
85720,10,1
63071,10,1
97808,10,1
97761,10,2
89827,10,4
48583,10,6
5181,10,4
95651,10,7
38591,10,9
N,769,10,3,14
71011,10,9
19621,10,1
11974,10,4
32454,10,2
98015,10,7
5627,10,9
89247,10,8
40087,10,5
76863,10,6
39380,10,3
30162,10,2
96647,10,4
47847,10,8
25253,10,5
N,2291,10,4,15
81639,10,1
97957,10,5
79543,10,8
88678,10,8
15239,10,8
17085,10,2
81591,10,5
38563,10,10
56483,10,2
40293,10,3
32443,10,10
25798,10,5
30638,10,6
43439,10,5
23781,10,9
N,1792,10,3,9
455,10,4
49895,10,5
48807,10,8
44194,10,4
19155,10,7
24991,10,10
39653,10,2
57059,10,4
38871,10,6
N,2269,10,3,16
64227,10,1
5701,10,3
11972,10,9
73350,10,7
97879,10,6
23615,10,6
81119,10,9
58981,10,2
89765,10,6
36582,10,5
87269,10,5
40605,10,3
3775,10,4
73408,10,1
95975,10,2
56997,10,5
N,512,10,4,14
96454,10,2
3015,10,1
95903,10,1
21606,10,6
63190,10,10
56679,10,10
73253,10,6
37991,10,5
9538,10,3
11798,10,6
50195,10,2
40678,10,7
1061,10,9
43485,10,5
N,875,10,4,14
15574,10,8
9541,10,1
3044,10,5
47463,10,8
46495,10,9
48697,10,8
79007,10,2
71379,10,8
61091,10,6
1423,10,8
35298,10,5
31423,10,10
89413,10,1
37591,10,8
N,1997,10,5,15
54557,10,8
80575,10,9
46814,10,10
2111,10,4
24099,10,8
66791,10,5
30372,10,6
47843,10,1
39829,10,5
40114,10,1
12007,10,8
81383,10,6
3655,10,4
20097,10,8
37895,10,1
N,2306,10,3,16
2823,10,3
51286,10,5
66275,10,8
88774,10,3
67294,10,3
20695,10,1
40679,10,9
67623,10,3
52839,10,10
77287,8,7
73390,10,5
89755,10,4
55987,10,8
48751,10,4
18151,10,9
73415,10,6
N,1779,10,5,16
87781,10,5
64223,10,1
32453,10,3
13923,10,1
23239,10,9
28259,10,3
56918,10,7
97861,10,10
31719,10,8
40405,10,2
32431,10,2
77543,10,8
64217,10,7
48583,10,10
28007,10,8
36579,10,5
N,2210,10,4,11
46759,10,4
72599,10,9
30693,10,5
30246,10,3
57030,10,7
14997,10,2
44007,10,7
46823,10,8
13857,10,3
96743,10,1
80983,10,4
N,2561,10,4,9
93926,10,2
6210,10,3
81637,10,6
38501,10,2
64991,10,9
4167,10,4
76514,10,5
6215,10,6
97997,10,3
N,331,10,4,12
7239,10,5
4055,10,1
40550,10,1
72039,10,4
48819,10,3
7967,10,3
14103,5,1
28351,10,4
87715,10,2
60371,10,2
77477,10,5
30130,10,2
N,1155,10,5,7
65126,10,6
69205,10,9
36454,10,2
10438,10,4
63200,10,2
30439,10,1
40638,10,8
N,2299,10,3,19
84055,10,8
80605,10,8
73191,10,5
81575,10,10
14247,10,6
36071,10,6
16102,10,10
65254,10,5
1511,10,1
5667,10,3
14039,10,10
52582,10,5
15065,10,7
14023,10,2
52763,10,10
62039,10,5
30345,10,5
16038,10,5
98023,10,1
N,993,10,5,14
73417,10,5
31719,10,6
15045,10,5
38631,10,5
86751,10,4
81635,10,2
56031,10,6
35525,10,6
81046,10,9
68274,10,8
11011,10,3
3012,10,6
98015,10,10
72926,10,4
N,160,10,4,7
14048,10,9
21735,10,4
81530,10,3
56997,10,5
52934,10,2
73183,10,7
37,10,2
N,326,10,5,9
6150,10,3
81095,10,3
92901,10,5
5527,10,2
31447,10,3
88674,10,2
19941,10,4
14055,10,4
94881,10,4
N,2243,10,5,5
81637,10,9
34531,10,2
27771,10,10
97919,10,10
73447,10,3
N,1275,10,5,17
14435,10,6
56781,10,2
48826,10,6
52966,10,10
15567,10,9
63975,10,6
13795,10,6
72423,10,3
16031,10,6
42590,10,9
73243,10,6
30434,10,10
48591,10,1
30674,10,2
27349,10,2
79751,10,9
82446,10,7
N,862,10,5,14
95955,10,10
36327,10,7
98023,10,6
89637,10,10
87270,10,5
53989,10,8
64070,10,8
12003,10,1
36453,10,7
54995,10,3
81509,10,2
15847,10,8
4085,10,4
88596,10,4
N,770,10,4,8
56327,10,5
40547,10,10
52929,10,8
29859,10,6
63591,10,2
73383,10,6
56930,10,8
40662,10,1
N,259,10,5,13
9831,10,2
22887,10,6
23783,10,2
89560,10,10
47782,10,7
27303,10,10
95959,10,9
44135,10,10
54659,10,4
48572,10,1
22674,10,1
72413,10,1
45271,10,9
N,251,10,3,20
9570,10,1
89811,10,7
38623,10,2
54495,10,5
32982,10,6
63142,10,6
64103,10,2
61020,10,7
21217,10,3
11973,10,2
61624,10,10
50919,10,1
64725,10,10
14309,10,8
55503,10,9
74915,10,1
40423,10,7
71142,10,3
95075,10,4
32359,10,8
N,1214,10,4,19
22959,10,5
68325,10,5
81606,10,9
73190,10,2
35031,10,3
16003,10,10
40663,10,3
75484,10,6
48675,10,10
81639,10,5
32451,10,5
39900,10,4
85586,10,5
56935,10,10
39756,10,9
51423,10,9
97850,10,4
15523,10,5
70375,10,7
N,695,10,5,18
38499,10,10
1285,10,8
45670,10,5
56911,10,2
55697,10,3
77275,10,9
40615,10,3
87351,10,10
86375,10,10
15031,10,1
11879,10,9
5063,10,3
73435,10,10
48837,10,6
40671,10,2
88481,10,9
71991,10,10
36452,10,5
N,1021,10,4,12
4935,10,3
31386,10,10
85627,10,6
80607,10,9
96977,10,6
89767,10,2
11919,10,9
54871,10,4
16098,10,7
56535,10,1
36391,10,9
68918,10,6
N,1268,10,5,19
19151,10,3
23683,10,3
80036,10,2
89311,10,10
68774,10,2
1734,10,2
57053,10,6
48594,10,2
40102,10,1
23015,10,2
99918,10,6
5188,10,7
23783,10,6
4165,10,2
44646,10,7
39879,10,7
58277,10,9
88668,10,3
15685,10,3
N,2298,10,4,12
97236,10,1
5948,10,3
76759,10,8
5687,10,8
48743,10,2
55863,10,8
57063,10,5
15457,10,5
13907,10,4
95895,10,8
9670,10,6
73319,10,10
N,313,10,4,17
30051,10,9
57017,10,3
95618,10,3
81564,10,7
97150,10,4
54791,10,2
93927,10,7
93895,10,3
97491,10,9
22073,10,3
43745,10,2
31949,10,4
97911,10,2
84709,10,7
64359,10,3
26338,10,7
53855,10,6
N,1955,10,5,14
64907,10,10
20023,10,10
64711,10,10
54531,10,7
23774,10,6
32231,10,7
81591,10,8
56537,10,4
81511,10,1
40547,10,1
77543,10,4
32455,10,4
51683,10,2
19943,10,2
N,2367,10,4,7
39463,10,10
48705,10,3
42727,10,6
73413,10,3
62567,10,3
23379,10,3
84195,10,5
N,295,10,3,13
73318,10,10
40423,10,3
19853,10,6
36455,10,4
80533,10,3
23719,10,6
24284,10,5
40663,10,10
81095,10,9
76327,10,5
64795,10,8
64614,10,10
98023,10,1
N,1071,10,3,19
97997,10,6
5675,10,4
56918,10,7
37593,10,10
16015,10,8
46823,10,7
65181,10,7
48346,10,5
70945,10,3
98918,10,5
28071,10,1
73308,10,3
40624,10,4
56757,10,6
48866,10,10
20948,10,5
63896,10,2
4167,10,10
29779,10,4
N,1213,10,3,20
51655,10,1
80794,10,4
96993,10,2
24077,10,7
32353,10,8
40359,10,6
1053,10,7
15527,10,6
69351,10,8
96743,10,9
53733,10,7
78950,10,2
14279,10,8
13798,10,10
30210,10,6
47759,10,10
19559,10,1
77410,10,7
40405,10,7
5703,10,2
N,2563,10,4,16
4416,10,4
90544,10,2
32351,10,1
89315,10,4
95879,10,1
84683,10,6
87725,10,7
81127,10,7
97083,10,7
47571,10,7
5815,10,9
69091,10,8
52967,10,7
29671,10,10
76507,10,6
28263,10,10
N,1218,10,3,17
16038,10,2
1851,10,3
61010,10,3
96596,10,10
48870,10,8
28389,10,10
2085,10,10
92579,10,6
52930,10,3
80615,10,7
72199,10,5
56999,10,1
65186,10,6
57062,10,5
31430,10,5
88662,10,10
48518,10,2
N,1655,10,3,16
57040,10,5
81126,10,10
61013,10,10
27079,10,2
55911,10,10
59615,10,9
54931,10,9
48857,10,2
64451,10,6
11654,10,3
46565,10,1
56807,10,8
44636,10,6
23712,10,9
56992,10,8
57051,10,7
N,1763,10,3,20
11553,10,2
62374,10,1
40325,10,5
57015,10,4
97367,10,1
32487,10,1
38054,10,9
80870,10,3
52899,10,4
40155,10,9
15841,10,1
1532,10,4
89831,10,10
62367,10,4
28327,10,5
24083,10,1
5686,10,2
81383,10,5
56017,10,2
42151,10,4
N,1275,10,4,15
69015,10,2
5189,10,3
89831,10,1
73430,10,7
17627,10,4
48871,10,6
18035,10,10
97973,10,8
58807,10,2
92806,10,6
40647,10,7
31383,10,10
47450,10,10
64215,10,3
97382,10,3
N,331,10,5,14
9783,10,3
28886,10,4
55879,10,1
44775,10,1
71389,10,4
79061,10,5
26063,10,4
92838,10,3
64223,10,2
14055,10,8
32487,10,6
96607,9,7
70375,10,10
46609,10,5
N,1255,10,4,10
77349,10,2
87511,10,2
68327,10,9
6183,10,5
13189,10,6
81557,10,9
13526,10,5
5670,10,2
72983,10,8
61590,10,9
N,2274,10,3,17
73408,10,1
80871,10,8
11334,10,6
5923,10,1
46759,10,10
61159,10,6
73189,10,7
96733,10,9
20007,10,6
99815,10,10
36325,10,9
96603,10,8
29383,10,4
37039,10,2
18150,10,4
4163,10,4
81431,10,9
N,954,10,3,13
65229,10,4
30821,10,5
22238,10,8
56999,10,2
89574,10,2
85221,10,7
6022,10,4
48095,10,4
32451,10,8
15077,10,5
60132,10,4
64475,10,10
40166,10,2
N,2561,10,3,6
95713,10,8
66839,10,7
56807,10,10
27855,10,7
28381,10,4
40679,10,7
N,1885,10,4,5
96576,10,8
97606,10,7
36571,10,3
48743,10,3
89812,10,10
N,2187,10,4,7
66506,10,5
40671,10,8
31206,10,2
75446,10,5
53439,10,8
21859,10,1
65243,10,2
N,59,10,5,7
31939,10,3
92791,10,7
98018,10,3
38500,10,2
32475,10,6
65248,10,10
39647,10,7
N,949,10,3,11
30375,10,3
50655,10,2
21990,10,8
74959,10,10
2078,10,4
69766,10,1
32295,10,2
57063,10,2
32467,10,3
56796,10,10
68229,10,8
N,2555,10,5,6
96939,10,7
6167,10,3
44511,10,5
40567,10,7
58279,10,3
17879,10,9
N,1787,10,4,19
95834,10,8
99038,10,10
40678,10,6
31971,10,8
93511,10,5
48831,10,3
29375,10,5
55775,10,4
21671,10,2
95911,10,6
1895,10,10
39383,10,5
46723,10,5
81487,10,7
32230,10,9
88417,10,4
55907,10,7
48527,10,5
62951,10,4
N,2300,10,3,7
31623,10,1
73443,10,4
3350,10,6
32356,10,10
37861,10,7
21991,10,3
93893,10,8
N,1982,10,5,11
89817,10,7
84703,10,3
96990,10,3
11286,10,6
59063,10,5
15078,10,10
45159,10,6
57046,10,5
65251,10,6
47845,10,6
9239,10,3
N,1267,10,3,15
98010,10,8
6211,10,4
46823,10,2
81639,10,10
62110,10,2
77127,10,8
19143,10,10
75429,10,1
56134,10,8
46309,10,2
22151,10,8
62692,10,4
53413,10,8
40548,10,4
24159,10,9
N,734,10,3,8
31458,10,5
48601,10,10
48839,10,1
14439,10,4
10434,10,8
79846,10,7
65122,10,10
14502,10,7
N,2211,10,3,6
65127,10,7
19525,10,4
48756,10,8
52443,10,10
65175,10,7
68322,10,9
N,321,10,3,7
59589,10,10
5126,3,7
72059,10,1
57063,10,3
31207,10,8
21063,10,4
40631,10,6
N,1539,10,3,5
52935,10,9
47463,10,3
93926,10,6
23334,10,4
71205,10,1
N,993,10,3,16
81111,10,1
71107,10,10
97934,10,7
32487,10,2
47967,10,1
27303,10,1
51367,10,1
73314,10,7
65127,10,2
55077,10,4
1821,10,2
76515,10,10
38625,10,2
6075,10,10
81605,10,5
63159,10,3
N,331,10,3,20
12003,10,1
63175,10,9
40486,10,10
89302,10,3
16047,10,1
89699,10,5
56547,10,4
65255,10,2
65189,10,1
44707,10,8
35415,10,4
24215,10,1
89575,10,1
56384,10,8
9175,10,2
73407,10,5
11991,10,2
32422,10,3
38102,10,7
56998,10,1
N,330,10,5,16
88799,10,6
10181,10,5
87523,10,7
43718,10,5
97959,10,2
45763,10,4
79551,10,6
6063,10,10
95821,10,3
71295,10,5
54498,10,2
81077,10,10
36519,10,3
31874,10,7
15591,10,4
36004,10,7
N,2305,10,4,5
87655,10,1
22469,10,4
44997,10,5
87783,10,3
52822,10,10
N,257,10,5,10
29415,10,5
40125,10,8
72935,10,1
44087,10,3
48447,10,4
73831,10,1
95071,10,2
73382,10,2
38374,10,2
76005,10,4
N,2093,10,3,9
57062,10,7
87485,10,7
558,10,5
65223,10,10
79529,10,10
69222,10,3
48487,10,4
95934,10,2
40294,10,8
N,1506,10,4,19
47778,10,6
5191,10,5
21222,10,1
88641,10,6
26811,10,4
96990,10,2
10839,10,10
33383,10,7
23106,10,3
72419,10,9
96997,10,1
56545,10,2
78481,10,1
69846,2,7
2082,10,4
4294,10,9
89827,10,1
79439,10,2
72019,10,2
N,2739,10,4,20
64735,10,6
68268,10,1
5694,10,1
63654,10,9
5567,10,7
81359,10,6
62177,10,5
44519,10,10
32479,10,6
84647,10,3
64961,10,1
15719,10,1
97979,10,10
59075,10,4
1313,10,2
64983,10,2
94950,10,10
85661,10,4
73440,10,10
46289,10,5
N,2269,10,5,8
93415,10,9
87254,10,2
16097,10,1
73439,10,1
15712,10,6
40111,10,8
24289,10,6
44741,10,9
N,2745,10,5,11
90561,10,3
8663,10,5
79335,10,10
23719,3,7
78567,10,5
18386,10,4
71269,10,1
93796,10,2
89130,10,5
14437,10,2
65251,10,9
N,2171,10,4,16
69223,10,4
97503,10,9
62407,10,1
71311,10,2
36583,10,8
92998,10,4
10307,10,2
31781,10,1
24262,10,9
37351,10,8
14041,10,9
8806,10,6
15839,10,7
83559,10,7
73143,10,7
89782,10,1
N,1280,10,3,6
37135,10,6
52295,10,4
1926,10,10
8165,10,5
40165,10,7
6167,10,8
N,2207,10,5,5
2110,10,5
28383,10,5
56547,10,4
6215,10,7
14885,10,7
N,2165,10,3,16
89799,10,8
23143,10,4
56804,10,2
80582,10,10
13983,10,9
29127,10,2
95841,10,6
32097,10,1
46183,10,8
86375,10,2
77379,10,9
32482,10,7
40515,10,2
71203,10,10
48834,10,9
16093,10,2
N,138,10,3,20
72343,9,10
32319,10,5
65249,10,10
86631,10,9
8257,10,1
53859,10,6
24166,10,3
81118,10,3
40671,10,8
46229,10,9
79591,10,3
71011,10,1
72934,10,9
15831,10,3
7237,10,7
81110,10,9
46758,10,4
89831,10,9
72422,10,2
36583,10,2
N,1217,10,3,7
65057,10,5
81567,10,10
14943,10,1
38563,10,1
52830,10,9
97977,10,4
48287,10,2
N,1491,10,5,20
64741,10,6
56423,10,3
75367,10,3
20165,10,5
40645,10,8
81575,10,8
97815,10,3
38118,10,5
14399,10,5
10981,10,1
34531,10,2
22979,10,8
89743,10,1
97541,10,6
77791,10,3
38311,10,9
36582,10,4
39399,10,9
24087,10,1
98021,10,7
N,1019,10,5,7
88797,10,2
4165,10,1
78567,10,4
79015,10,2
48795,10,4
52871,10,7
32335,10,1
N,611,10,4,5
5063,10,1
95975,10,7
11933,10,10
21983,10,6
30366,10,5
N,139,10,5,10
80283,10,10
56903,10,3
89825,10,3
32199,10,5
48803,10,2
93414,10,7
38562,10,4
73287,10,2
23247,10,5
73302,10,6
N,2153,10,4,16
14055,10,3
36189,10,9
64839,10,5
85735,10,6
53986,10,6
85410,10,6
11447,10,10
63027,10,1
97991,10,4
56534,10,3
32225,10,1
87735,10,5
15911,10,2
84151,10,4
23519,10,6
86715,10,7
N,1747,10,5,9
40601,10,2
13941,10,7
15799,10,1
95647,10,8
35438,10,6
65127,10,10
40167,10,7
23253,10,10
40617,10,1
N,2303,10,3,11
57063,10,3
50341,10,4
48839,10,4
60087,10,2
55519,10,8
11747,10,2
63919,10,10
76391,10,5
47847,10,7
4151,10,3
81638,10,8
N,2050,10,4,17
48359,10,2
72917,10,1
23885,10,6
71251,10,9
81125,10,6
96519,10,4
89572,10,7
30174,10,10
29927,10,8
89735,10,2
19655,10,7
13607,10,9
81606,10,9
98003,10,6
5687,10,4
15237,10,10
92192,10,3
N,625,10,4,14
4933,10,4
6181,10,1
71110,10,7
23367,10,5
77779,10,10
28391,10,4
70807,10,4
11998,10,6
57061,10,3
89701,10,7
85190,10,4
70374,10,8
63077,10,1
98011,10,4
N,613,10,5,8
5127,10,7
88529,10,5
48799,10,10
80338,10,6
6147,10,3
43927,8,8
19047,10,6
78871,10,8
N,1233,10,4,9
47832,10,6
98015,10,8
55015,10,1
28386,10,7
15555,10,3
25923,10,5
31831,10,2
8895,10,3
71330,10,2
N,2163,10,4,19
60999,10,5
4867,10,5
12007,10,3
97510,10,7
47827,10,10
25831,10,3
16094,10,4
56439,10,9
69319,10,5
32487,10,10
24807,10,4
4135,10,1
30693,10,9
73270,10,9
81637,10,8
31847,10,1
5174,10,10
15959,10,9
48871,10,7
N,2691,10,5,20
72415,10,10
40669,10,4
64019,10,1
81623,10,8
94643,10,8
56502,10,5
87511,10,5
89191,10,4
96404,10,4
85351,10,3
23775,10,6
76910,10,9
48344,10,3
32231,10,2
5695,10,2
52707,10,1
48343,10,4
76181,10,1
97439,10,10
40292,10,1
N,283,10,4,7
4151,10,5
99044,10,3
96951,10,7
73380,10,10
80103,10,8
40583,10,6
83495,10,6
N,2270,10,5,11
57053,10,5
95955,10,8
3645,10,1
89311,10,8
24287,10,7
81639,10,6
9508,10,2
15455,10,10
32453,10,10
80853,10,1
72165,10,7
N,1338,10,5,6
67685,10,3
22245,10,4
85477,10,9
20439,10,7
67046,10,3
39719,10,4
N,2529,10,5,5
44122,10,6
2613,10,3
38087,10,10
98015,10,3
47951,10,3
N,1683,10,5,12
48869,10,10
32199,10,10
85411,10,1
48605,10,2
18399,10,6
83911,10,6
56997,10,4
73054,10,3
58015,10,10
40641,6,6
24290,10,5
44583,10,9
N,2787,10,3,19
75237,10,3
61005,10,7
64214,10,9
62819,10,6
40679,10,3
24207,10,8
3909,10,3
62606,10,1
72102,5,7
2094,10,3
65255,10,7
88791,10,6
6061,10,1
13778,10,8
56969,10,9
2105,10,2
48853,10,10
39647,10,4
81206,10,3
N,2275,10,4,10
21731,10,8
73443,10,2
85726,10,7
26238,10,7
36389,10,4
2119,10,10
40511,10,8
31463,10,2
65239,10,4
4071,10,6
N,2242,10,3,12
48845,10,1
52907,10,9
13023,10,9
85669,10,4
23893,10,5
93763,10,7
54855,10,7
78023,10,1
32485,10,4
66917,10,1
56485,10,8
72098,10,5
N,2306,10,4,9
48707,10,10
59092,10,1
38628,10,8
48695,10,1
31954,10,9
50590,10,5
56666,10,2
48829,10,5
4126,10,9
N,1023,10,5,15
46311,10,2
56661,10,3
3137,10,1
73311,10,6
77367,10,4
40533,10,4
56418,10,9
16092,10,2
16103,10,5
32359,10,10
20710,10,4
88246,10,2
27735,10,9
11431,10,10
36317,10,8
N,1273,10,5,11
32358,10,8
40487,10,5
44099,10,5
5415,10,5
64743,10,3
65063,10,7
35431,10,2
89575,10,8
44119,10,6
16079,10,4
62503,10,4
N,2747,10,4,19
16039,10,1
5171,10,1
75338,10,1
31251,10,10
48867,10,7
65123,10,3
31960,10,7
89802,10,9
81291,10,6
21637,10,4
2087,10,1
78790,10,10
11063,10,7
55,10,4
93902,10,6
14046,10,6
56833,10,10
64839,10,4
65223,10,4
N,2675,10,4,12
963,10,7
93599,10,10
89691,10,9
89799,10,7
89829,10,1
81603,10,5
93409,10,5
24277,10,9
80647,10,5
72343,10,8
19415,10,9
30919,10,7
N,255,10,3,20
46545,10,4
32031,10,5
29859,10,3
60949,10,1
13906,10,7
87495,10,5
24095,10,9
65237,10,8
44735,10,5
23623,10,7
15327,10,5
44639,10,3
69341,10,5
34983,10,9
74469,10,4
98022,10,7
55975,10,9
35431,10,5
63077,10,3
71359,10,2
N,1779,10,5,13
39515,10,5
14567,10,6
57063,10,1
88389,10,7
89502,10,4
97862,10,6
49107,10,1
6188,10,9
70757,10,1
97903,10,5
41303,10,9
89799,10,9
15719,10,9
N,135,10,4,9
4803,10,9
77285,10,6
71065,10,8
40519,10,8
42197,10,1
79493,10,7
47236,10,2
23774,10,7
36305,10,4
N,1650,10,5,12
45533,10,5
1991,10,1
6071,10,4
79575,10,9
18125,10,2
67263,10,10
3975,10,2
62694,10,10
73447,10,7
54942,10,6
40150,10,2
70357,10,6
N,1443,10,3,5
89703,10,10
81584,10,4
98007,10,2
89671,10,10
6215,10,7
N,329,10,4,19
28113,10,7
48791,10,2
40003,10,2
29127,10,2
85730,10,1
13221,10,2
40151,10,7
64519,10,6
86977,10,7
73189,10,8
73401,10,3
48803,10,4
53989,10,4
89543,10,6
66231,10,1
64903,10,3
48051,10,6
89799,10,4
40407,10,6
N,59,10,5,15
36534,10,4
77535,10,6
40677,10,7
52591,10,3
92638,10,7
24167,10,3
81639,10,5
9959,10,1
38108,10,10
40663,10,10
32015,10,3
89483,10,6
17575,10,7
89283,10,2
57047,10,2
N,169,10,5,5
81374,10,8
44774,10,8
13013,10,7
44197,10,10
23742,10,2
N,2163,10,5,6
89309,10,4
16085,10,4
81574,10,4
62695,10,9
73094,10,3
80867,10,1
N,1187,10,3,9
38366,10,10
64486,10,1
44759,10,8
73047,10,6
97236,10,6
55390,10,3
68241,10,1
40273,10,10
55938,10,7
N,129,10,4,11
3095,10,3
37073,10,7
80295,10,7
38629,10,2
92391,10,2
97715,10,8
72931,10,7
68291,10,9
79463,10,3
35034,10,2
47635,10,4
N,70,10,4,14
28261,3,9
77091,10,7
78943,10,1
14346,10,1
19154,10,2
38597,10,10
41699,10,2
38622,10,6
48839,10,10
22230,10,3
78171,10,6
44694,10,3
36581,10,5
96211,3,2
N,763,10,3,14
28869,10,1
5916,10,4
50405,10,3
36194,10,6
36487,10,2
51927,10,9
48831,10,7
6084,10,6
93047,4,9
40679,10,4
38999,10,1
13543,10,9
65245,10,8
16071,10,4
N,330,10,5,15
81639,10,4
12871,10,6
6148,10,9
38996,10,9
48351,10,10
59492,10,2
9028,10,8
79239,10,9
89575,10,3
81621,10,7
24151,10,5
57827,10,3
65255,10,2
64230,10,9
58067,10,8
N,2291,10,5,5
45751,10,1
4679,10,10
44767,10,7
89671,10,9
79585,10,1
N,1819,10,4,13
57060,10,6
18115,10,5
24295,10,5
95427,10,9
22755,10,5
65238,10,3
55510,10,10
76516,10,1
91879,10,4
37523,10,10
27869,10,6
30294,10,2
28147,10,6
N,2179,10,5,10
98013,10,8
89735,10,7
79513,10,4
84509,10,8
16031,10,10
87764,10,10
95677,10,5
73383,10,4
97511,10,9
32091,10,7
N,1091,10,3,11
32165,10,5
3621,10,7
32485,10,9
88804,10,3
64855,10,4
63911,10,5
72935,10,8
53463,10,3
52965,10,2
89319,10,10
19047,10,1
N,2233,10,5,20
51935,10,7
2635,10,4
61986,10,6
36455,10,9
4550,10,1
80539,10,7
27775,10,10
73447,10,10
1326,10,3
24215,10,9
97550,10,5
80550,10,3
52967,10,10
35911,10,4
1268,10,6
24262,10,1
48615,10,5
75457,10,3
40675,10,1
89573,10,1
N,1059,10,4,14
12623,10,6
45877,10,10
39655,10,9
71366,10,9
64991,10,1
76453,10,5
77277,10,2
56919,10,3
12229,10,4
6207,10,9
73062,10,2
89502,10,4
65031,10,7
72871,10,4
