D,10,3
D,10,10
P,5,8,1199,1364.34
P,2,5,2050,741.44
P,10,6,2178,2193.48
P,10,7,1211,1112.23
P,10,7,1282,1355.01
P,1,2,1249,2888.74
N,1247,10,7,5
57003,10,2
78239,10,7
31313,10,5
76227,10,9
63174,10,5
N,326,10,7,13
98019,10,2
19815,10,8
32471,10,7
99799,10,8
15011,10,5
27330,10,7
81413,10,7
56489,10,1
95971,10,5
18135,10,9
52947,10,5
85442,10,2
44709,10,8
T
P,10,7,1247,3837.32
P,10,6,136,2377.04
P,10,7,1795,3227.91
P,10,6,2225,1627.41
D,10,5
D,10,1
S,10,6,19,23
N,2305,10,7,12
57971,10,10
3655,10,4
71334,10,4
19135,10,9
31967,10,5
89573,10,1
40535,10,2
57063,10,3
1863,10,3
47527,10,3
34023,10,3
3526,10,9
N,1267,10,6,7
44227,10,8
16005,10,4
32419,10,2
16100,10,6
18663,10,8
68295,10,10
29609,10,10
D,10,4
N,895,10,7,15
6047,10,6
98001,10,3
42133,2,8
73422,10,8
64837,10,5
65255,10,4
45670,10,9
29159,10,9
32452,10,8
72831,10,10
43751,10,8
5567,10,8
6201,10,3
81479,10,8
87135,10,1
N,2819,10,6,15
45285,10,4
22181,10,8
81063,10,7
54497,10,7
36575,10,10
73029,10,2
71255,10,7
4054,10,7
89733,10,2
26335,10,9
34461,10,5
71382,10,10
44741,10,1
26439,10,7
6214,10,6
N,1019,10,6,5
95975,10,6
96998,10,7
21991,10,6
32487,10,8
60643,10,8
D,10,10
N,128,10,6,17
36573,10,8
95969,10,7
6215,10,9
5651,10,2
64470,10,3
81351,10,8
12007,10,1
57026,10,4
11943,10,5
36559,10,1
24263,10,9
44630,10,4
57054,10,4
60135,10,3
48474,10,2
31325,10,6
54887,10,4
N,327,10,6,5
51799,10,2
87247,10,7
22123,10,9
97891,10,1
52415,10,6
N,1882,10,6,18
48245,10,6
13477,10,5
87679,10,8
81061,10,4
40679,10,2
48513,10,7
81635,10,6
8807,10,7
87511,10,9
6214,10,10
14978,10,4
48797,10,2
5043,10,1
79014,10,10
49638,10,4
47079,10,4
57039,10,9
88709,10,4
P,10,7,1267,2940.87
P,10,7,330,790.61
P,7,2,1731,1075.12
P,10,7,2015,842.11
P,10,6,1155,4242.01
P,10,6,2179,3024.69
P,10,6,771,137.52
P,5,1,1795,4122.82
P,10,6,75,3766.67
P,10,7,985,3957.05
P,8,8,2608,4947.42
P,10,7,2883,1860.86
P,10,6,331,2935.24
P,2,4,321,417.01
T
P,10,7,171,4135.41
P,10,7,1283,2913.11
P,10,6,2691,4.85
N,1667,10,7,11
48867,10,4
47753,10,3
34423,10,5
42075,10,3
89649,10,2
9414,10,6
36510,10,2
73171,10,1
97446,10,2
89287,10,6
2087,10,8
N,514,10,7,5
81637,10,9
47575,10,5
22747,10,8
32143,10,4
38621,10,4
N,1823,10,6,15
21197,10,4
81535,10,5
39911,10,9
9936,10,1
89063,10,9
80037,10,7
59284,10,8
71655,10,9
32455,10,4
96835,10,8
23747,10,5
68286,10,3
46823,10,4
29895,10,1
24261,10,8
N,267,10,7,16
79777,10,5
85661,10,5
48743,10,9
48583,10,2
32423,10,1
559,10,2
89643,10,9
47719,10,5
51935,10,1
98021,10,8
97767,10,2
23782,10,4
47332,10,5
44771,10,10
96998,10,2
98003,10,6
N,2563,10,6,13
56954,10,6
19878,10,5
61927,10,10
26855,10,1
6119,10,5
89639,10,5
52801,10,7
69315,10,7
87767,10,1
37591,10,6
40483,10,6
34375,10,3
56910,10,5
N,707,10,7,10
88534,10,9
22005,10,2
69050,10,3
80791,10,9
1090,10,8
73441,7,8
3435,10,10
3623,10,10
39879,10,3
35231,10,2
T
N,1026,10,6,14
57063,10,1
46803,10,7
5959,10,1
39526,10,9
16003,10,7
71327,10,8
56743,10,9
39631,10,8
15587,10,8
11495,10,2
56025,10,6
31459,10,8
1735,10,4
32111,10,2
N,2303,10,6,16
85491,10,9
60125,10,2
16039,10,4
39141,10,4
81557,10,5
23215,10,7
48851,10,4
81591,10,9
6189,10,7
48863,10,2
56855,10,5
4311,10,5
65247,10,2
61154,10,7
39647,10,7
38951,10,10
I,10,7,21
N,2194,10,6,7
24231,10,3
21699,10,8
61061,10,5
79199,10,3
40421,10,9
20135,10,10
11429,3,7
N,1079,10,7,13
5951,10,5
49751,10,4
65239,10,6
55011,10,6
89799,10,6
26212,10,1
39751,10,7
67301,10,7
13799,10,7
31365,10,9
87519,10,3
32486,10,10
50791,10,9
S,10,7,13,29
N,1666,10,6,18
71382,10,5
79559,10,6
47043,10,3
73191,10,2
85221,10,6
38468,10,6
52959,10,1
91367,10,1
14015,10,7
65535,10,1
73191,10,4
63654,10,1
32390,10,8
1385,10,1
87781,10,3
18146,1,6
63910,10,4
70303,10,10
R,10,7,1139
D,10,8
T
P,10,6,2420,3248.95
P,5,5,1023,814.61
N,2307,10,6,9
21733,10,3
65078,10,6
77367,10,8
32061,10,6
32487,10,7
23780,10,5
48611,10,3
44703,10,3
88549,10,4
N,2041,10,6,10
55773,10,3
85735,10,6
81637,10,7
31267,10,9
11981,10,8
38367,10,10
93645,10,1
9799,10,2
13521,10,6
30902,10,4
I,10,7,24
S,10,6,16,45
P,10,7,331,1754.33
P,1,5,1787,1702.56
P,10,7,995,3682.24
D,10,2
D,10,2
N,2175,10,6,13
88805,10,7
72294,10,10
52703,10,3
92647,10,8
65095,10,10
11919,10,10
48612,10,9
80062,10,2
88580,10,8
51923,10,6
44711,10,4
73187,10,5
64214,10,5
T
I,10,6,28
S,10,7,18,38
D,10,7
D,10,3
D,10,10
D,10,2
D,10,1
O,10,7,2783
N,1277,10,7,20
21730,10,8
81011,10,10
32143,10,10
50499,10,1
52515,10,6
15033,10,3
63039,10,9
39654,10,2
31430,10,9
56991,10,6
57823,10,8
23418,10,6
32230,10,6
96911,10,4
20190,10,9
81383,10,5
81503,10,6
39045,10,8
53989,10,4
73401,10,2
N,330,10,6,17
97831,10,4
57030,10,8
23418,10,9
59876,10,3
81319,10,4
37407,10,7
37583,10,6
32295,10,4
90742,10,10
26254,10,8
31463,10,1
55014,10,9
64441,10,9
15702,10,8
2007,10,6
4021,10,9
54723,10,8
N,282,10,7,14
61118,10,9
70375,10,7
87494,10,7
5934,10,3
46403,10,7
40339,10,7
40614,10,10
5926,10,1
44645,10,7
88782,10,8
48855,10,5
93862,10,4
85186,10,8
16037,10,7
N,299,10,6,15
56535,10,3
13023,10,10
11910,10,8
919,10,5
37459,10,1
44159,10,9
81195,10,9
6133,10,9
22239,10,5
56999,10,5
15911,10,6
65076,10,4
26215,10,7
89551,10,1
96647,10,2
N,2299,10,6,12
72359,10,2
73383,10,9
93894,10,7
29920,10,9
52828,10,3
48195,10,5
56791,10,3
6188,10,3
81254,10,8
73342,10,5
93669,10,2
56515,10,8
N,1977,10,7,18
64740,10,1
43743,10,2
17891,10,9
3655,10,3
3094,10,1
8823,10,9
92379,10,3
95444,10,4
69286,10,4
13031,10,10
9274,10,10
60903,10,2
78290,10,3
40653,10,6
17122,10,1
5381,10,2
23719,10,1
11783,10,10
N,2111,10,7,5
65255,10,5
61670,10,7
69797,8,3
84711,10,2
71382,10,4
N,2030,10,6,11
25059,10,8
47831,10,7
74983,10,3
94951,10,3
81559,10,9
88135,10,1
87762,10,3
52303,10,9
70518,10,4
54214,10,8
24039,10,2
N,383,10,6,16
85607,10,7
13462,10,7
13795,10,3
40422,10,1
3137,10,9
23909,10,6
24295,10,7
65127,10,6
24258,10,4
72675,10,2
65255,10,3
36583,10,5
10819,10,1
40615,10,6
19137,10,4
88287,10,1
N,767,10,6,20
13793,10,4
51335,10,1
56551,10,3
97451,10,4
6213,10,6
95826,10,2
40467,10,10
81441,10,7
31424,10,8
99351,10,4
81319,10,9
56999,10,3
31199,10,6
98020,10,1
50911,10,9
97750,10,4
81495,10,9
5426,10,5
28263,10,4
95843,10,7
N,323,10,7,9
71398,10,6
6053,10,6
56021,10,2
20182,10,5
93271,10,10
72414,10,10
32455,10,6
81381,10,3
89507,10,7
N,2019,10,6,12
69287,10,6
77254,10,4
22093,10,6
11979,10,1
62810,10,5
64143,10,4
22503,10,8
2054,10,8
80485,10,4
43665,10,2
81311,10,2
89223,10,4
N,1585,10,6,11
5958,10,1
96267,10,4
38627,10,3
64740,10,3
88263,10,9
77543,10,10
93863,10,4
48694,10,3
91878,10,6
24261,10,1
46563,10,9
N,723,10,7,7
4631,10,7
72640,10,4
24135,10,8
87207,10,1
88806,10,6
6213,10,1
95974,10,3
N,945,10,7,15
79258,10,5
94951,10,7
66791,10,10
65219,10,7
18023,10,8
54877,10,8
11942,10,10
24293,10,7
59462,10,10
40663,10,7
71055,10,6
5381,10,2
60095,10,5
71167,10,6
18150,10,10
N,1795,10,7,5
22948,10,6
39271,10,6
94931,10,1
32483,2,4
31428,10,1
N,267,10,7,16
65235,10,7
39543,10,7
81415,10,4
93301,10,2
28071,10,10
55001,10,5
24143,10,3
24293,10,4
77031,10,3
93156,10,10
81383,10,1
31275,10,3
72710,10,5
96987,10,2
40287,10,2
81491,10,4
N,2731,10,7,10
5827,10,8
19396,10,2
15827,10,1
4466,10,9
5795,10,7
73319,10,9
14052,10,6
54759,10,2
4679,10,9
1823,10,2
N,1251,10,6,12
55879,10,4
63077,10,4
39397,10,9
64687,10,1
52943,10,8
22611,10,2
14051,10,4
24279,10,5
74951,10,7
30369,10,3
24117,10,3
97230,10,8
N,1713,10,6,12
40623,10,4
39655,10,7
85542,10,2
40674,10,2
6177,10,9
63207,10,2
14247,10,4
24262,10,1
79583,10,1
13866,10,4
40679,10,9
9623,10,8
N,239,10,7,12
5055,10,5
5559,10,8
98215,10,6
5191,10,9
46814,10,8
31964,10,5
89399,10,4
40026,10,4
6215,10,7
53990,10,1
97958,10,4
89828,10,2
N,1075,10,7,12
48743,10,5
40403,10,6
31447,10,7
30431,10,10
32471,10,8
5693,10,3
48341,10,6
72678,10,7
72398,10,9
87783,10,4
37087,10,10
46815,10,9
N,1283,10,7,12
93663,10,1
24294,10,10
75420,10,3
72711,10,10
64901,10,2
77116,10,8
25828,10,7
85734,10,9
86229,10,2
24223,10,4
15587,10,1
16103,10,8
