R,2,2,2039
D,2,10
D,2,8
D,2,5
P,2,1,74,2000.13
P,2,2,1282,1615.76
P,2,2,330,3306.54
P,2,1,735,1125.11
P,2,2,2051,4202.75
P,2,1,2307,1533.9
P,2,1,1213,4831.32
P,2,2,222,2161.12
P,2,2,1535,1247.7
P,2,1,2106,2656.2
P,4,5,324,461.69
P,2,2,327,2253.57
P,10,1,1027,3451.05
P,2,2,2555,3542.65
P,2,2,1123,1940.33
P,9,8,1687,1861.05
P,2,2,2299,4301.83
P,2,1,2786,3207.96
P,2,2,1274,2178.96
P,2,2,1281,592.38
P,2,1,107,4954.3
S,2,2,20,20
N,2302,2,2,10
52295,2,1
4637,2,2
15759,2,4
75387,2,1
93895,2,10
16035,2,4
97407,2,5
15523,2,4
40599,2,6
5953,2,9
N,1779,2,1,15
68315,2,3
15994,2,9
62787,2,9
57039,2,6
14947,2,3
85223,2,3
39777,2,4
41959,2,3
26309,2,4
72895,2,9
58079,2,2
56534,2,1
89557,2,9
80695,2,1
47039,2,3
D,2,4
N,1778,2,2,12
27804,2,6
75239,2,4
79959,2,1
15591,2,8
32291,2,2
40407,2,7
66774,2,7
22069,2,3
9809,2,10
23778,2,4
36563,2,1
61414,2,9
D,2,9
S,2,2,17,32
P,2,2,2306,3684.35
N,1747,2,2,17
23957,2,10
76519,2,9
26950,2,10
31715,2,8
46791,2,10
5677,2,7
68186,2,10
21983,2,3
97471,2,1
50915,2,5
94886,2,6
18061,2,10
48807,2,5
31975,2,5
40597,2,1
88769,2,3
56855,2,10
P,2,2,203,3506.83
N,1281,2,2,8
64917,2,2
56383,2,4
40423,2,4
24295,2,2
74311,2,1
36251,2,8
46751,2,4
40159,2,8
T
N,1791,2,2,15
38567,2,1
32214,2,2
22977,2,7
97989,2,6
89383,2,5
63203,2,3
16085,2,10
21937,2,5
81079,2,4
32455,2,7
97626,2,5
23646,2,6
50789,2,7
48807,2,2
30182,2,1
N,2239,2,1,5
24290,2,7
80613,2,6
15079,2,2
37559,2,3
72102,2,8
N,1277,2,1,8
71393,2,3
97462,2,4
28383,2,8
75605,2,6
40615,2,7
93926,2,7
97949,2,1
72919,2,9
N,2245,2,2,12
48854,2,2
47805,2,4
73185,2,5
73447,2,5
95799,2,4
13719,2,9
89542,2,10
71303,2,4
73439,2,9
95967,2,7
65203,2,5
73285,2,5
N,267,2,2,11
85725,2,6
32479,2,2
48725,2,6
68949,2,9
38373,2,6
52447,2,4
72924,2,10
63718,2,3
97429,2,6
23257,2,3
30371,2,6
N,1507,2,1,8
81543,2,3
57063,2,4
85719,2,9
96931,2,10
12221,2,7
94247,2,3
46567,2,3
85382,2,10
N,137,2,1,12
21863,2,1
16061,2,3
46427,2,6
38557,2,6
2108,2,4
88035,2,6
11426,2,3
70819,2,2
19019,2,7
46311,2,10
24261,2,2
15942,2,4
N,2177,2,1,6
16081,2,9
57063,2,1
24227,2,6
81269,2,3
97511,2,5
32207,2,8
N,1281,2,2,8
85557,2,2
13845,2,9
95461,2,4
40359,2,10
33383,2,7
63447,2,5
23495,2,4
5699,2,10
N,1267,2,1,8
72295,2,10
89815,2,5
55394,2,6
19927,2,4
3651,2,1
5188,2,8
47734,2,3
16023,2,9
N,2305,2,2,18
92933,2,9
92630,2,9
62182,2,7
47814,2,6
15366,2,3
88925,2,9
89206,2,7
8226,2,7
87651,6,2
4166,2,1
3399,2,3
22630,2,7
72867,2,8
69173,2,10
15975,2,2
69287,2,4
85465,2,8
64726,2,3
N,2819,2,1,17
48589,2,8
24039,2,3
56662,2,8
28389,2,10
75960,2,10
69317,2,5
39429,2,5
24260,2,9
20935,2,5
56803,2,9
29397,2,4
96487,2,8
46815,2,6
88291,2,5
9959,2,6
89303,2,8
56983,2,6
N,2034,2,2,12
69088,2,1
76753,2,7
3142,2,1
1559,2,7
97831,2,10
15075,2,6
32357,2,7
8132,2,1
72843,2,2
96981,2,4
94321,2,6
16057,2,1
N,2274,2,2,6
1684,2,7
99806,2,2
8235,2,10
24117,2,9
64225,2,9
23935,2,10
N,2307,2,2,9
95907,2,9
10790,2,7
48454,2,10
71396,2,6
65253,2,8
65075,2,4
61023,2,1
6079,2,9
59894,2,7
N,327,2,2,15
26215,2,4
47173,2,5
52659,2,8
54389,2,7
89284,2,5
97953,2,6
73406,2,3
40679,2,3
59062,2,4
15996,2,8
63687,2,4
89023,2,6
14047,2,6
23215,2,8
73391,2,1
N,263,2,2,15
59078,2,9
2630,2,3
89298,2,4
30211,2,3
81375,2,2
68229,2,5
55015,2,1
54999,2,10
47647,2,2
6199,2,5
14466,2,8
89823,2,1
52901,2,8
81285,2,10
64678,2,4
N,1283,2,1,15
24229,2,4
98987,2,9
64423,2,7
50158,2,10
39591,2,6
40123,2,7
65191,2,3
31971,2,9
64150,2,1
40419,2,2
98021,2,10
48403,2,6
40515,2,9
24001,2,3
12102,2,6
N,9,2,2,6
23719,2,9
32430,2,3
26342,2,10
72723,2,4
27975,2,7
24281,2,7
N,771,2,2,14
63043,2,9
73159,2,1
40528,2,10
72834,2,9
84389,2,4
59103,2,9
63666,2,1
65187,2,3
5887,2,9
71159,2,6
65255,2,1
24211,2,1
56099,2,6
72295,2,3
N,307,2,1,5
22759,2,10
62559,2,4
33478,2,8
56911,2,9
20199,2,9
N,2946,2,2,8
62319,2,9
48741,2,5
15971,2,10
88940,2,2
73349,2,5
48325,2,2
5438,2,8
63973,2,8
N,169,2,1,7
40271,2,10
80742,2,2
81118,2,7
6167,2,9
52283,2,6
40679,2,10
22239,2,5
N,766,2,2,6
6199,2,2
44263,2,7
56293,2,8
40610,2,2
10834,2,2
65211,2,6
N,2866,2,2,12
54822,2,10
73431,2,9
84709,2,10
87749,2,7
39461,2,1
39655,2,7
32218,2,10
40383,2,1
55015,2,9
72677,2,7
65218,2,5
18019,2,10
N,2243,2,1,12
56574,2,3
89831,2,5
31952,2,7
97951,2,10
12227,2,7
31382,2,6
13883,2,10
11875,2,1
57017,2,4
31383,2,1
64871,2,8
97959,2,6
N,3,2,1,16
97373,2,1
73415,2,4
15077,2,4
88775,2,9
89831,2,7
48607,2,9
95651,2,7
56030,2,7
24222,2,8
93015,2,2
97726,2,5
81613,2,9
85734,2,8
88271,2,7
48835,2,9
81639,2,6
N,297,2,2,7
85207,2,6
85683,2,1
89793,2,7
4111,2,2
32341,2,9
47782,2,3
59111,2,9
N,978,2,1,18
31451,2,5
89614,2,3
36903,2,2
81637,2,7
5063,2,9
23747,2,6
64099,2,5
61588,2,4
53973,2,3
32135,2,4
39605,2,3
14967,2,2
88533,2,9
32130,2,1
71397,2,6
67743,2,2
56982,2,2
87783,2,2
N,1257,2,1,13
24292,2,7
57030,2,2
35301,2,9
73153,2,10
80583,2,2
34019,2,1
26798,2,2
16046,2,6
2486,2,8
71798,2,8
71811,2,3
81447,2,1
87645,2,3
N,1790,2,1,7
22951,2,4
42599,2,7
48231,2,3
48133,2,10
53983,2,10
32391,2,4
93045,2,1
N,1265,2,1,7
57059,2,10
89159,2,9
15998,2,5
47831,2,9
77287,2,4
64935,2,7
97587,2,9
N,1873,2,2,14
44711,2,10
66014,2,7
30013,2,10
85446,2,6
10263,2,7
97507,2,7
89734,2,5
42471,2,5
24167,2,7
40549,2,4
7735,2,4
10007,2,1
24155,2,6
89791,2,8
N,1233,2,2,7
59614,2,2
23015,2,6
81606,2,3
84707,2,9
39911,2,2
31875,2,8
48807,2,10
N,2045,2,1,19
20446,2,5
80799,2,7
51622,2,8
97927,2,4
86747,2,10
73415,2,5
87011,2,3
46553,2,3
94887,2,10
64672,2,6
48775,2,8
71331,2,5
64783,2,8
8258,2,8
99038,2,2
23581,2,10
22247,2,6
77027,2,8
15782,2,1
N,2295,2,2,5
36199,2,6
59622,2,6
78565,2,8
48868,2,1
72167,2,8
N,1219,2,1,5
15943,2,10
76765,2,8
93909,2,3
28124,2,5
11327,2,2
N,2513,2,2,7
40672,2,9
32420,2,3
27367,2,8
15586,2,6
58583,2,8
9831,2,7
77539,2,5
N,186,2,1,9
60327,2,6
5675,2,2
64715,2,4
61156,2,1
69302,2,6
55013,10,9
64965,2,1
85703,2,5
73427,2,9
N,626,2,2,5
78689,2,8
96161,2,2
88679,2,10
75415,2,5
89308,2,8
N,2290,2,1,12
97895,2,9
97447,2,2
13843,2,8
20150,2,8
16038,2,9
88468,2,2
68070,2,10
72735,2,7
58082,2,10
87263,2,10
97495,2,3
9663,2,3
N,2122,2,2,18
60997,2,5
62695,2,8
24293,2,4
68959,2,10
32417,2,9
72739,2,8
24035,2,5
83343,2,4
97499,2,6
6083,2,3
5669,2,1
24166,2,7
47824,2,3
61157,2,10
16093,2,3
1964,2,6
14567,2,7
88263,2,1
N,2691,2,2,12
40021,2,9
81639,2,8
63975,2,10
96423,2,9
87655,2,9
87655,2,10
79293,2,10
98007,2,3
48479,2,9
99763,2,3
93182,2,7
91623,2,5
N,1282,2,2,19
81639,2,1
30269,2,4
48854,2,10
80359,2,7
97759,2,10
24210,2,9
57063,2,2
23970,2,2
951,2,8
97999,2,6
96869,2,4
56533,2,9
79427,2,6
65053,2,10
4615,2,4
56551,2,7
81483,2,7
47810,2,8
48797,2,9
N,1267,2,1,18
52931,2,7
62647,2,2
56895,2,8
23261,2,7
13988,2,9
77543,2,9
55942,2,3
86119,2,7
65253,2,10
24287,2,1
32327,2,7
22630,4,8
23781,2,7
27555,2,9
16103,2,7
51847,2,4
4127,2,10
23101,2,8
N,1018,2,1,18
48599,2,2
77350,2,10
37607,2,3
57063,2,2
79524,2,8
61151,2,3
77387,2,10
32482,2,10
73446,2,3
54823,2,6
32022,2,5
96613,2,10
30951,2,3
22230,2,8
83669,2,8
10983,2,8
48847,2,10
44132,2,10
N,319,2,2,15
29735,2,1
60967,2,3
14037,2,9
36453,2,5
26853,2,7
97752,2,2
81623,2,5
24215,2,5
87591,2,2
15590,2,7
319,2,8
80406,2,3
9412,2,1
89695,2,6
65190,2,7
N,1141,2,2,18
24254,2,2
95207,2,6
33494,2,8
64163,2,1
85699,2,8
80094,2,9
44191,2,7
36255,2,6
50839,2,8
52455,2,9
95942,2,1
52471,2,5
16075,2,5
34528,2,1
64743,2,8
85603,2,10
43171,2,3
18102,2,7
N,202,2,2,16
23111,2,4
30394,2,5
38631,2,6
79198,2,10
97957,2,3
11427,2,7
85081,2,7
66791,2,7
20191,2,3
9239,2,10
61095,2,2
80999,2,9
72423,2,2
70319,2,7
27365,2,5
81635,2,2
N,1763,2,2,9
73141,2,1
89703,2,9
32839,2,9
63071,2,8
69327,2,3
40669,2,8
97988,2,5
15458,2,6
94821,5,6
N,515,2,2,17
64194,2,9
61007,2,6
56803,2,1
5183,2,7
64230,2,7
44197,2,4
81111,2,5
98023,2,3
51679,2,1
36130,2,3
31463,2,3
40679,2,6
95975,2,1
97703,2,4
50903,2,1
2118,2,9
16092,2,3
N,1763,2,2,7
24215,2,10
56038,2,4
62787,2,10
22239,2,7
34523,2,9
84194,2,7
88610,2,1
N,1967,2,1,15
35536,2,3
71367,2,3
20869,2,3
47847,2,8
55879,2,1
88487,2,3
5103,2,9
73171,4,2
16103,2,8
89562,2,8
60903,2,2
40643,2,5
32219,2,9
42471,2,10
81125,2,4
N,319,2,1,16
70308,2,5
62119,2,6
5142,2,1
4674,2,10
84571,2,5
98790,2,10
24294,2,8
89190,2,9
77223,2,8
24267,2,8
95847,2,4
62311,2,10
68898,2,5
40679,2,1
80359,2,1
80423,2,8
N,704,2,1,5
69255,2,8
47278,2,2
54877,2,4
48869,2,7
85599,2,2
N,2643,2,2,8
29621,2,5
5921,2,1
24259,2,8
64947,2,3
33735,2,9
30417,2,9
56614,2,2
77030,2,7
N,1283,2,2,5
1943,2,4
48342,2,6
92823,2,8
89039,2,4
31298,2,4
N,143,2,1,18
68703,2,5
6081,2,1
55704,2,10
23743,2,9
48227,2,7
22757,2,3
13451,2,8
23248,2,7
47780,2,10
97879,2,6
32168,2,9
36325,2,2
89826,2,8
48817,2,5
46693,2,9
54501,2,3
32103,2,7
71363,2,10
N,2287,2,2,15
73314,2,5
93799,2,8
97187,2,9
21095,2,3
13783,2,7
6035,2,5
89574,2,9
81334,2,6
81127,2,4
94267,2,8
63925,2,2
56934,2,1
87183,2,6
27867,2,1
77423,2,6
N,1830,2,2,8
97829,2,7
15511,2,10
14471,2,6
44647,2,6
48100,2,9
14030,2,4
89309,2,8
89636,2,3
N,1139,2,2,20
13925,2,8
5953,2,2
57059,2,4
22614,2,1
89317,2,5
4039,2,9
96949,2,8
15303,2,4
6180,2,4
63179,2,6
88741,2,4
70375,2,10
89761,2,1
97423,2,7
55755,2,3
98017,7,5
70244,2,1
67367,2,5
24036,2,8
56039,2,3
N,1277,2,1,7
9789,2,2
35431,2,7
2038,2,9
63925,2,6
56167,2,3
81123,2,2
48611,2,8
N,1495,2,2,20
56981,2,3
22239,2,5
66783,2,7
71327,2,6
2663,2,3
48070,2,3
89831,2,10
24195,2,3
95171,2,10
91847,2,7
60771,2,8
86439,2,1
22118,2,9
56955,2,10
77543,2,10
56551,2,2
65254,2,6
48871,2,1
6199,2,1
65167,2,3
N,2288,2,1,19
76255,2,2
1380,2,5
23503,2,10
96998,2,6
37471,2,5
44239,2,5
56807,2,7
81563,2,10
97996,2,3
71765,2,3
96999,2,5
55015,2,1
39651,2,3
62690,2,8
56549,2,5
97439,2,6
28113,2,3
97463,2,10
71783,2,3
N,2269,2,2,6
23142,2,10
64598,2,7
72933,2,2
89319,2,2
27999,2,10
44134,2,2
N,2307,2,2,20
34263,2,10
30372,2,2
89541,2,2
46641,2,4
19155,2,7
81621,2,6
66791,2,10
71397,2,9
20167,2,5
2044,2,6
11910,2,1
57057,2,3
72422,2,10
57047,2,8
32347,2,2
47715,2,2
23263,2,4
27854,2,1
9695,2,1
85543,2,8
N,1250,2,2,9
31691,2,9
85405,2,4
30438,2,9
19114,2,5
15719,2,7
15075,2,8
81383,2,3
20131,2,7
12670,2,7
N,1275,2,2,6
71399,2,1
96486,2,1
72414,2,3
40677,2,10
71391,2,3
81631,2,2
N,183,2,2,18
46311,2,7
67298,2,5
48743,2,4
47831,2,7
52869,2,4
81639,2,10
32485,2,8
48835,2,5
23010,2,5
97895,2,3
32231,2,3
47815,2,8
96675,2,6
93413,2,4
55607,2,3
27622,2,8
95459,2,2
60898,2,10
N,643,2,2,15
36574,2,6
80701,2,8
13742,2,1
40645,2,4
97829,2,4
87258,2,3
93343,2,10
11651,2,4
13279,2,7
55501,2,7
73379,2,10
14406,2,1
5039,2,10
56935,2,10
52902,2,5
N,763,2,1,6
32467,2,2
65067,2,6
52805,2,7
40679,2,4
4035,2,9
60919,2,3
N,1107,2,2,9
65255,2,8
40615,2,7
56039,2,8
56039,2,7
89762,2,5
71367,2,1
39115,2,10
89829,2,7
73447,2,2
N,47,2,1,7
10247,2,3
48863,2,1
10308,2,6
21910,2,2
52967,2,10
63679,2,5
1011,2,7
N,1219,2,1,10
48867,2,2
81622,2,7
48743,2,6
56935,2,4
18055,2,6
56027,2,3
81516,2,3
78271,2,5
77510,2,8
21727,2,8
N,2915,2,2,11
65255,2,6
50399,2,3
3615,2,3
14997,2,8
40519,2,8
6095,2,6
89447,2,9
64607,2,7
13923,2,10
13319,2,8
85719,2,4
N,1859,2,1,17
24031,2,10
31441,2,3
28387,2,10
38327,2,8
20071,2,6
89126,2,3
2117,2,3
40423,2,1
31207,2,2
50535,2,6
32351,2,9
5953,2,4
36071,2,3
15829,2,2
11829,2,10
14535,2,9
81350,2,9
N,1271,2,2,5
50615,2,3
71383,2,5
6055,2,3
24279,2,2
36543,2,10
N,995,2,1,18
59775,2,6
4867,2,1
44743,2,8
79585,2,5
9941,2,10
63463,2,10
73190,2,7
46820,2,3
71783,2,1
81637,2,5
65254,2,10
85415,2,6
64227,2,4
26323,2,10
19655,2,3
72423,2,1
56295,2,2
95717,2,5
N,1191,2,1,7
61923,2,6
94525,2,7
28343,2,4
56003,2,6
23222,2,7
73189,2,4
14374,2,1
N,1788,2,2,10
39571,2,6
99535,2,3
60101,2,1
23188,2,6
27869,2,6
97747,2,5
89814,2,9
30437,2,1
27365,2,9
6471,2,8
N,1754,2,1,15
23767,2,9
85191,2,4
46231,2,8
64123,2,3
17351,2,7
42455,2,8
32422,2,2
31197,2,7
95461,2,2
78247,2,4
87335,2,4
24295,2,7
93607,2,2
71879,2,9
2075,2,2
N,1989,2,2,18
36007,2,9
75395,2,10
71104,2,9
81504,2,3
15015,2,8
7234,2,6
88421,2,4
2053,2,5
15461,2,8
4995,2,1
44775,2,10
48806,2,2
69073,2,10
32359,2,4
48799,2,3
73335,2,5
76383,2,9
77021,2,1
N,1967,2,1,17
71124,2,7
40099,2,2
52516,2,6
43745,2,8
41702,2,7
89827,2,1
6151,2,2
48208,2,3
16031,2,7
1861,2,9
39589,2,1
96971,2,4
89440,2,4
92902,2,4
24287,2,5
20050,2,2
44711,2,5
N,2271,2,2,13
40421,2,1
70631,2,10
37598,2,8
3879,2,9
5957,2,8
64339,2,9
34916,2,2
56546,2,2
28391,2,6
81046,2,8
30851,2,5
10982,2,6
48743,2,4
N,185,2,1,11
4932,2,4
30311,2,7
839,2,2
27367,2,6
12502,2,2
39654,2,8
73443,2,8
68958,2,9
20615,2,10
46726,2,4
64230,2,9
N,2291,2,2,10
35359,2,6
80603,2,6
4039,2,7
56610,2,10
24231,2,4
48807,2,3
73233,2,3
29093,2,6
95975,2,10
5181,2,9
N,1281,2,1,11
99983,2,8
77158,2,7
93542,2,3
79415,2,3
40675,2,6
80895,2,2
73189,2,7
67559,2,5
40565,2,10
33995,2,7
57057,2,5
N,483,2,2,5
40643,2,6
93775,2,9
62630,2,4
23846,2,1
48723,2,9
N,1793,2,1,19
11077,2,8
97759,2,1
6041,2,1
10902,2,2
43494,2,5
23847,2,7
61655,2,8
76519,2,1
48771,2,9
48787,2,2
14739,2,8
63119,2,1
61031,2,10
71111,2,9
6207,2,6
48863,2,10
53731,2,6
64476,2,8
62695,2,5
N,2289,2,1,16
39714,2,5
29471,2,4
98015,2,2
21607,2,4
65221,2,4
73314,2,10
46655,2,10
30287,2,7
54485,2,9
77543,2,10
95196,2,8
87269,2,9
54210,2,8
65247,2,1
23990,2,2
27879,2,1
N,639,2,2,8
81075,2,10
65255,2,10
95955,2,7
16102,2,8
98019,2,4
61021,2,1
87739,2,7
40579,2,2
N,1275,2,1,18
97347,2,5
95644,2,7
36575,2,10
70758,2,6
79420,2,3
6063,2,9
69087,2,4
47591,2,4
65059,2,5
16102,2,3
36415,2,5
86440,2,7
65247,2,8
64678,2,8
85727,2,3
11186,2,2
65230,2,3
55013,2,8
N,2171,2,1,17
54983,2,8
9447,2,10
24175,2,9
32383,2,4
57734,2,6
80603,2,7
15911,2,5
5879,2,8
46814,2,3
56022,2,8
40003,2,3
48519,2,10
60261,2,7
72797,2,4
23782,2,6
75483,2,10
20197,2,3
N,499,2,1,5
83087,2,7
47847,2,4
80511,2,8
24237,2,1
56997,2,4
D,2,8
D,2,5
N,2026,2,2,5
48535,2,9
31947,2,6
60899,2,1
97478,2,5
18151,2,3
N,2275,2,2,15
96935,2,2
81635,2,3
54503,5,6
73431,2,2
5931,2,8
5955,2,9
81543,2,2
64983,2,6
73439,2,3
38054,2,6
15543,2,6
38567,2,4
40542,2,1
9661,2,3
62863,2,6
N,91,2,2,11
18143,2,5
22943,2,8
8124,2,10
26087,2,10
16050,2,7
73319,2,7
16083,2,6
93345,2,10
95414,2,6
88795,2,5
60006,2,10
N,2307,2,1,12
4997,2,8
6197,2,3
15823,2,4
11999,2,10
16091,2,9
48670,2,1
96799,2,3
15385,2,4
68839,2,6
51941,2,6
97947,2,8
83940,2,5
N,2272,2,1,20
5119,2,10
95951,2,8
48863,2,9
23239,2,1
9567,2,7
10852,2,6
48759,2,10
9674,2,7
65255,2,1
54983,2,10
23687,2,7
89575,2,3
11718,2,8
13403,2,3
81639,2,1
87779,2,10
13471,2,10
65254,4,1
14085,2,3
27360,2,2
N,833,2,2,11
23243,2,3
30687,2,10
97255,2,1
44699,2,2
65251,10,8
72910,2,10
56551,2,3
47583,2,4
12911,2,1
4374,2,7
64223,2,2
N,1202,2,1,15
32131,2,10
98023,2,10
52967,2,6
89551,2,1
22990,2,1
64999,2,3
15839,2,3
81319,2,3
29330,2,6
81631,2,4
30615,2,2
21733,2,2
76261,2,4
67303,2,2
38495,2,6
N,707,2,1,18
24174,2,8
62150,2,5
15765,2,6
55828,2,9
24039,2,3
24287,2,3
89791,2,1
68514,2,10
78055,2,10
81125,2,5
65094,2,10
92863,2,8
40631,2,1
54754,2,8
56959,2,1
67936,2,5
56807,2,7
81495,2,4
S,2,2,20,31
P,2,2,43,3405.91
P,2,1,321,755.13
D,2,4
D,2,10
N,2289,2,1,12
52958,2,1
43747,2,2
45781,2,1
4406,2,10
19167,2,7
87779,2,1
79590,2,2
71343,2,9
5699,2,6
80517,2,8
95584,2,6
53921,2,3
N,1538,2,2,20
19889,2,10
48535,2,7
72903,2,3
59607,2,2
14978,2,3
62991,2,1
81059,2,5
13991,2,5
36308,2,7
81573,6,4
69346,2,5
97442,2,10
73429,2,1
96868,2,6
88799,2,1
89747,2,4
46726,2,1
85693,2,3
78023,2,8
38139,2,4
N,2819,2,2,17
71399,2,9
92391,2,7
81542,2,9
3607,2,2
88769,2,6
96375,2,10
53859,2,4
97319,2,5
15007,2,2
24126,2,5
93895,2,1
16103,2,8
15589,2,7
80271,2,6
72919,2,4
94947,2,3
32419,2,4
N,2175,2,2,7
93890,5,8
57062,2,9
5590,2,3
89828,2,3
3910,2,2
48743,2,3
98918,2,10
N,2747,2,2,7
36535,2,6
59046,2,8
15447,2,10
48855,2,5
73302,2,5
19175,2,9
43302,2,3
N,1251,2,1,5
71381,2,7
23651,2,3
24295,2,3
5947,2,1
36538,2,9
N,2275,2,2,17
9502,2,2
87779,2,1
56805,2,9
85667,2,4
87780,2,7
83687,2,9
5543,2,8
15966,2,6
79426,2,7
39115,2,4
30311,2,3
10119,2,6
64097,2,4
89766,2,8
48743,2,7
93911,2,2
73365,2,7
N,1121,2,1,17
64743,2,4
15075,2,6
59095,2,1
70868,2,9
52583,2,4
71733,2,3
98023,2,4
38374,2,5
32343,2,10
42727,6,6
4679,2,4
39111,2,5
80935,2,1
46447,2,10
28087,2,9
3523,2,8
31067,2,4
N,2307,2,2,12
80679,2,10
32371,2,6
65247,2,8
83677,2,1
64869,2,6
88675,2,4
77031,2,8
43334,2,1
97495,2,2
16017,2,6
32422,2,7
21687,2,4
N,2819,2,1,9
48869,2,3
89767,2,1
55877,2,2
20195,2,10
24230,2,5
24086,2,8
86978,2,9
64999,2,1
3127,2,5
N,2046,2,2,10
72644,2,8
48774,2,9
1062,2,1
95364,2,3
87494,2,9
12961,2,7
54818,2,3
19749,2,2
20703,2,3
73126,2,8
N,899,2,2,6
3623,2,6
89539,2,7
16037,2,1
57051,2,5
11943,2,8
56227,2,7
N,893,2,2,15
56959,2,7
95890,2,10
32486,2,2
19319,2,4
91794,2,9
89053,2,9
6195,2,5
48767,2,3
73383,2,1
15332,2,4
24033,2,8
42467,2,1
89815,2,6
13279,2,7
23015,2,3
N,1213,2,1,7
46439,2,4
3655,2,6
77535,2,3
15958,2,7
70178,2,1
61159,2,10
81579,2,9
N,331,2,2,12
45538,2,7
19175,2,1
48859,2,8
56852,2,9
65251,2,4
85009,2,3
15843,2,9
94259,2,3
83684,2,10
95892,2,1
64230,2,10
98015,2,7
N,2045,2,1,7
73425,2,10
16103,2,2
89444,2,2
97941,2,2
15589,2,9
30183,2,10
23007,2,3
N,203,2,2,17
15842,2,9
47847,2,2
33412,2,5
81639,2,2
97895,2,2
81509,2,7
94815,2,10
36515,2,9
65135,2,3
5830,2,6
55527,2,3
27111,2,7
65254,2,4
31458,2,3
80741,2,6
20065,2,5
23547,2,8
N,1223,2,2,13
24231,2,8
15459,2,8
40622,2,9
44629,2,2
14212,2,1
4379,2,5
52959,2,8
81253,2,1
72929,2,6
80483,2,7
79525,2,1
39605,2,2
71691,2,3
D,2,6
D,2,5
N,1793,2,2,9
22695,2,9
4071,2,9
98017,2,7
50913,2,2
28119,2,3
37334,2,8
36566,3,4
46439,2,4
81606,2,8
P,2,1,2261,734.49
P,2,1,2307,2684.75
P,2,2,1155,3911.88
P,7,9,1281,1229.5
P,2,2,1226,3020.81
P,2,1,1283,462.45
N,2691,2,1,17
9811,2,1
6175,2,10
37731,2,7
56663,2,5
57062,2,1
1029,8,2
44772,2,10
93187,2,4
36069,2,7
85347,2,4
56279,2,4
44251,2,3
81383,2,10
93917,2,2
3783,2,7
81311,2,9
14983,2,1
N,723,2,1,20
71398,2,1
89823,2,8
24223,2,4
97702,2,8
32291,2,2
61955,2,6
52837,2,2
76455,2,8
14947,2,6
16055,2,3
37501,2,6
89302,2,8
42517,2,8
90069,2,8
89567,2,7
70567,2,9
69071,2,10
55487,2,6
64359,2,3
38212,2,9
N,2276,2,1,18
46798,2,10
81567,2,9
6143,5,4
24295,2,4
56735,2,1
11426,2,1
57014,2,9
31839,2,3
95878,2,10
15426,2,5
37862,2,2
15703,2,10
73271,2,2
64871,2,7
47677,2,7
65250,2,4
97822,2,9
97606,2,6
N,2205,2,2,13
54739,2,8
31719,2,10
97061,2,8
44566,2,1
73447,2,1
63655,2,6
15781,2,3
93669,2,6
70371,2,9
85447,2,1
77221,2,5
91686,2,8
48721,2,3
N,298,2,1,11
95975,2,9
95847,2,4
73415,2,2
78823,2,1
97253,2,4
56017,2,8
89704,2,6
5379,2,10
36323,2,2
72930,2,7
71315,2,7
N,2339,2,2,15
81379,2,8
96869,2,5
17367,2,5
52925,2,10
73158,2,1
68059,2,2
23739,2,5
16031,2,7
60775,2,9
74851,2,7
4128,2,4
97762,2,3
75357,2,7
15973,2,8
65189,2,2
N,331,2,2,18
95974,2,1
48325,2,5
48870,2,5
40659,2,2
73445,2,2
14727,2,6
4035,2,8
57029,2,1
77029,2,10
93797,2,7
61159,2,5
38495,2,6
95967,2,5
14275,2,5
16071,2,3
23783,2,1
31599,2,3
8113,2,3
N,1231,2,1,7
15423,2,4
48743,2,4
79553,2,2
71554,2,4
89431,2,5
61671,2,1
65092,2,2
N,1777,2,2,16
12007,2,9
28455,2,1
5447,2,2
6151,2,2
81442,2,7
6197,2,9
56551,2,2
20001,2,2
56527,2,1
6211,2,6
87259,2,7
80487,2,5
64069,2,4
15575,2,4
85569,2,5
71269,2,10
N,2739,2,1,19
20115,2,7
80831,2,1
97056,2,4
31830,2,3
81319,2,4
97415,2,8
44605,2,7
97703,2,10
13733,2,2
55003,2,8
16079,2,9
62271,2,7
38178,2,6
89783,2,6
76773,2,6
44519,2,1
46559,2,1
81637,2,8
30311,2,5
N,2731,2,2,17
73319,2,10
14231,2,8
52647,2,8
56038,2,8
30170,2,2
6181,2,2
12730,2,9
89670,2,4
62183,2,8
5176,2,1
3655,2,5
99855,2,10
53955,2,1
57051,2,3
56997,2,1
96999,2,9
14787,2,10
N,1923,2,2,16
24295,2,6
69031,2,6
55013,2,4
37793,2,3
74983,2,10
31363,2,5
79302,2,9
63645,2,1
15062,2,5
32231,2,3
65223,2,7
27365,2,4
81607,2,9
73315,2,5
40675,7,3
30438,2,4
N,1283,2,2,8
32318,2,5
80935,2,1
90791,2,8
51934,2,1
28327,2,10
14039,2,9
83477,2,2
73431,2,4
N,1251,2,2,19
60355,2,1
21056,2,3
47503,2,3
15590,2,7
85163,2,3
32343,2,8
40678,2,7
38371,2,4
47203,2,5
52436,2,8
48869,2,1
62415,2,7
69219,2,8
89747,2,6
63710,2,9
86751,2,6
15077,2,2
79575,2,7
55908,2,10
N,1280,2,1,6
52769,2,1
98007,2,1
5926,2,4
97511,2,3
12999,2,7
28274,2,9
N,1091,2,2,11
30943,2,6
89351,2,7
29638,2,4
37465,2,10
64227,2,1
9031,2,7
36069,2,2
4675,2,4
47509,2,8
16099,2,3
56422,2,6
N,1258,2,1,14
47829,2,7
79391,2,7
93671,2,9
53958,2,10
15843,2,5
12006,2,4
32317,2,1
48343,2,7
81289,2,1
18126,2,4
31079,2,7
48851,2,5
64685,2,4
73318,2,2
N,2041,2,2,16
39655,2,9
77542,2,4
95842,2,1
55909,2,10
35455,2,8
47302,2,2
97479,2,4
47585,2,4
40103,2,3
68766,2,4
89383,2,2
89761,2,1
40103,2,9
23703,2,4
50399,2,5
44310,2,2
N,1281,2,1,6
48787,2,2
14038,2,4
22227,2,3
56540,2,8
94427,2,9
73359,2,6
N,1027,2,1,11
87263,2,7
6005,2,9
96831,2,5
20199,2,5
81541,2,1
68199,2,9
89501,2,10
80995,2,9
76615,2,7
64351,2,1
57018,2,2
N,2786,2,2,11
47334,2,3
1570,2,5
91653,2,10
12479,2,5
65125,2,10
89061,2,8
11991,2,2
36557,2,4
81639,2,10
16103,2,7
72743,2,7
N,2779,2,1,20
67295,2,4
3067,2,4
40159,2,9
15911,2,4
48831,2,10
19681,2,7
80612,2,10
57063,2,4
89543,2,8
85695,2,3
32482,2,6
28362,2,7
15435,2,5
65219,2,3
80411,2,8
65223,2,1
57062,2,4
83675,2,3
72419,2,10
54215,2,3
N,1723,2,2,12
96482,2,7
89685,2,8
48709,2,9
81287,2,4
64839,9,1
24030,2,2
65251,2,10
6135,2,1
3392,2,4
48615,2,10
98007,2,9
24165,2,4
N,2051,2,1,20
60342,2,1
56996,2,8
74407,2,7
40631,2,2
97943,2,2
63713,2,10
24039,2,1
71271,2,3
23779,2,9
69223,2,10
99303,2,6
86629,2,5
88677,2,3
26341,2,1
20198,2,1
30407,2,6
89831,2,9
98014,2,10
42975,2,1
62430,2,3
N,2435,2,2,17
11477,2,6
22855,2,9
88723,2,10
40679,2,5
97511,2,4
46270,2,1
50787,2,2
61094,2,4
13910,2,3
52387,2,8
96999,2,5
83674,2,1
95975,2,10
89823,2,8
22101,2,10
2047,2,10
14052,2,2
N,1667,2,1,16
10695,2,3
89814,2,10
69217,2,6
72935,2,1
89531,2,8
77522,2,8
71778,2,8
23135,2,7
48533,2,8
29287,2,8
48739,2,3
64594,2,5
57031,2,5
84646,2,6
36183,2,3
65251,2,6
R,2,1,1117
D,2,1
N,2305,2,2,15
56893,2,10
23651,2,3
39383,2,4
17125,2,8
15807,2,7
46437,2,8
72783,2,8
16070,2,6
6215,2,7
56903,2,4
73367,2,6
64724,2,6
64731,2,10
1873,2,4
3646,2,1
N,2727,2,1,12
16101,2,6
48359,2,5
64195,2,1
96999,2,10
38281,2,4
40230,2,8
75941,2,5
5188,2,6
40655,2,3
39779,2,6
46910,2,9
76355,2,3
N,2304,2,2,11
64683,2,9
95613,2,10
50679,2,1
80345,2,8
91591,2,1
16047,2,7
39654,2,5
45287,2,9
15845,2,8
13279,2,3
42167,2,2
N,2269,2,2,12
57030,2,2
98009,2,10
47831,2,5
81591,2,6
63591,2,1
54990,2,10
43623,2,3
24263,2,1
56550,2,3
29861,2,7
88805,2,9
5063,2,7
N,1008,2,1,17
6206,2,9
2119,2,10
44399,2,2
6212,2,1
40039,2,10
6582,2,9
86742,2,10
50725,2,6
32487,2,1
95079,2,5
79526,2,2
73431,2,5
6005,2,5
48423,2,10
56967,2,6
45774,2,9
63974,2,2
N,72,2,2,20
77110,2,1
24147,2,6
97987,2,6
37590,2,2
95699,2,10
98023,2,7
73312,2,1
6215,2,8
59619,2,3
13341,2,1
47824,2,9
80559,2,8
30413,2,7
1990,2,8
56935,2,9
77379,2,4
56963,2,2
27871,2,4
72922,2,3
72223,2,8
N,179,2,2,13
84705,2,9
18135,2,1
51759,2,2
97975,2,5
16039,2,7
97989,2,1
69862,2,9
22230,2,6
77493,2,8
69343,2,5
56535,2,1
32215,2,9
55783,2,8
N,1245,2,1,5
47747,2,7
87622,2,3
68583,2,10
76967,2,8
91423,2,9
N,314,2,2,15
31843,2,4
81627,2,4
22223,2,6
56547,2,8
39655,2,2
6212,2,6
44047,2,8
48359,2,3
80090,2,6
36263,2,3
23971,2,6
56780,2,1
65207,2,3
6174,2,8
23263,2,8
N,2291,2,2,11
28325,2,6
77027,2,2
24293,2,5
69175,2,10
97870,2,6
43943,2,3
569,2,8
27833,2,5
37975,2,6
81479,2,1
23775,2,10
N,329,2,2,17
31255,2,4
96806,2,5
43717,2,7
59095,2,8
27461,2,4
24022,2,1
24230,2,6
95438,2,5
97869,2,3
37547,2,6
89299,2,1
78949,2,8
68704,2,4
78311,2,6
16081,2,5
9795,2,3
22071,2,6
N,2723,2,2,20
88775,2,4
81374,2,8
48679,2,5
79431,2,7
29920,2,5
38375,2,1
70327,2,3
88774,2,3
68563,2,4
15495,2,3
23783,2,5
60893,2,4
20047,2,7
31204,2,8
5895,2,4
68839,2,9
32390,2,10
5888,2,5
8962,2,7
5699,2,4
N,1283,2,2,18
48854,2,8
38470,2,8
97862,2,7
56935,2,6
6215,2,5
15839,2,6
88801,2,6
57862,2,4
31939,2,3
12821,2,2
55006,2,8
31831,2,4
16095,2,7
76135,2,1
30435,2,9
32301,2,5
6199,2,9
91879,2,3
N,151,2,2,10
27746,2,6
89767,2,5
23271,2,8
48735,2,4
44679,2,6
24039,2,6
21223,2,2
52743,2,6
69171,2,7
48815,2,8
N,267,2,2,12
57029,2,4
40085,2,8
89190,2,1
46821,2,1
52838,2,3
61111,2,4
81379,2,6
56668,2,1
4916,2,9
55894,2,1
72931,2,9
39095,2,4
N,1661,2,2,10
25831,2,7
30823,2,2
48842,2,6
9535,2,10
48608,2,10
72415,2,2
44775,2,6
36503,2,10
56533,2,2
73444,2,6
N,2047,2,1,12
26183,2,10
7929,2,6
69091,2,7
73133,2,9
15063,2,5
96935,2,2
97959,2,8
30397,2,3
46051,2,10
36195,2,4
73443,2,9
13863,2,1
N,962,2,2,17
74721,2,1
57043,2,6
62683,2,3
14979,2,1
61127,2,1
950,2,4
22237,2,3
5957,2,1
24292,2,7
45529,2,9
39603,2,8
89695,2,9
15774,2,8
69333,2,6
46037,2,9
80860,2,8
48499,2,10
N,2683,2,1,15
13989,2,4
10203,2,6
62303,2,10
35303,2,4
40638,2,6
18115,2,5
14050,2,5
30639,2,9
54709,2,3
61147,2,10
65023,2,3
45799,2,1
14533,2,6
22423,2,7
40674,2,1
N,1206,2,1,15
4107,2,5
53471,2,5
40027,2,7
95334,2,7
26343,2,10
98022,2,1
73447,2,7
19165,2,1
85468,2,8
9943,2,5
55877,2,4
68837,2,5
85557,2,3
81125,2,8
16101,2,1
N,2794,2,1,20
83288,2,8
86245,2,2
84711,2,5
40547,2,5
91815,2,8
64230,2,9
35782,2,8
97510,2,6
47556,2,8
21153,2,7
97511,2,5
13182,2,9
63207,2,4
46791,2,9
52951,2,4
99911,2,4
93511,2,5
6215,2,9
11491,8,2
24291,2,4
N,2519,2,1,10
21982,2,10
30412,2,1
97949,2,5
24082,2,8
89814,2,2
64092,2,6
19749,2,10
87267,2,5
60901,2,8
81236,2,8
N,1006,2,1,12
97506,2,5
5702,2,6
99047,2,3
48557,2,7
40645,2,3
73443,2,4
81318,2,10
81639,2,9
5619,2,6
48071,2,5
57053,2,6
89235,2,6
N,1143,2,2,6
64550,2,8
84711,2,2
59095,2,5
12902,2,10
60261,2,7
31667,2,8
N,1283,2,2,20
56027,2,4
91975,2,4
56285,2,1
15847,2,7
20159,2,9
48659,2,3
16103,2,7
76007,2,10
81622,2,4
4064,2,8
30437,2,1
68710,2,9
64483,2,1
12947,2,4
48611,2,4
85671,2,1
72671,2,4
38551,2,3
52927,2,2
34395,2,6
N,1889,2,1,10
7239,2,2
60941,2,9
84679,2,3
21963,2,8
65074,2,7
56793,2,3
70367,2,2
45606,2,3
24231,2,1
69863,2,4
N,163,2,2,14
63724,2,5
2118,2,10
68789,2,1
91815,2,10
20199,2,9
10773,2,3
79527,2,4
4140,2,4
20134,2,3
24151,2,6
32479,2,6
35,2,5
54935,2,5
85701,2,6
N,1723,2,1,13
57057,2,3
12300,2,1
30175,2,5
48871,2,2
39654,2,3
44373,2,4
23237,2,1
40519,2,5
93620,2,10
40639,2,2
77511,2,1
63463,2,2
56636,2,7
N,2267,2,1,6
32487,2,7
85453,2,9
27351,2,2
95959,2,7
48869,2,9
81636,2,3
N,323,2,2,11
39598,2,3
52946,2,7
40405,2,7
65254,2,4
64743,2,4
79779,2,10
42214,2,1
56545,2,2
89574,2,7
3559,2,1
77459,2,9
N,547,2,1,6
67655,2,6
14945,2,9
46946,2,9
15959,2,8
6214,2,7
40099,2,1
N,2303,2,1,14
64223,2,10
48806,2,6
68327,2,5
65230,2,10
48871,2,8
89446,2,4
38118,2,9
5507,2,4
55996,2,9
48866,2,8
32230,2,9
69287,2,1
71371,2,7
20071,2,10
N,1281,2,1,15
64903,2,6
22679,2,6
32455,2,2
80607,2,7
56199,2,10
26970,2,10
80615,2,4
17703,2,9
28071,2,4
10039,2,5
52199,2,5
57045,2,6
91735,3,1
68269,2,9
63705,2,7
N,200,2,2,9
61907,2,7
73430,2,8
73404,2,9
29914,2,9
59067,2,10
55999,2,2
32487,2,9
87764,2,2
93887,2,8
N,2275,2,1,10
23206,2,6
6086,2,4
5059,2,9
81575,2,6
85735,2,1
93255,2,6
65081,2,10
54701,2,10
65253,2,5
64999,2,6
N,1250,2,2,17
44630,2,10
80159,2,1
48807,2,3
51399,2,6
2119,2,4
15845,2,5
47586,2,4
73311,2,2
53989,2,3
65091,2,2
91659,2,5
24031,2,3
60126,2,9
36241,2,9
32484,2,5
65254,2,4
19681,2,9
N,2200,2,1,12
19901,2,3
38695,2,8
66151,2,6
71375,2,8
72827,2,6
71218,2,3
97951,2,1
40549,2,3
73441,2,10
44643,2,1
88803,2,2
95708,2,8
N,137,2,2,18
23719,2,1
63157,2,9
46471,2,3
18100,2,4
2098,2,10
13224,2,1
25668,2,8
30375,2,2
44255,2,1
95719,2,3
61059,2,5
90847,2,3
27757,2,8
24023,2,3
89703,2,10
95639,2,9
98004,2,3
24111,2,3
