T
D,2,5
N,2811,2,3,8
23522,2,1
6215,2,5
57062,2,3
34390,2,10
81479,2,4
60893,2,9
34363,2,10
70343,2,4
N,262,2,3,17
16103,2,7
73319,2,7
32323,2,6
85095,2,4
73445,2,9
81253,2,6
16009,2,4
81237,2,1
73431,2,3
80151,2,6
26342,2,2
31581,2,6
40409,2,8
97495,2,9
98011,2,5
65251,2,9
40354,2,10
N,2301,2,3,19
86503,2,1
13990,2,8
31557,2,3
77278,2,1
9014,2,1
6007,2,3
22247,2,10
48863,2,6
60886,2,5
32485,2,6
4669,2,6
4095,2,2
97947,2,10
65126,2,7
65107,2,3
48777,2,7
85587,2,6
89715,2,6
65255,2,8
N,315,2,3,20
28343,2,3
6205,2,7
81587,2,7
23235,2,10
39959,2,4
36323,2,5
77399,2,1
31445,2,5
24167,2,7
5191,2,6
14805,2,8
95463,2,9
72725,2,9
87623,2,7
72291,2,8
73183,2,10
63943,2,2
48843,2,7
34526,2,5
40423,2,1
N,1225,2,3,13
96724,2,8
19582,2,3
68324,2,6
46795,2,4
40019,2,5
51871,2,5
15943,2,10
36453,2,10
81497,2,9
60901,2,1
73430,2,3
70247,2,8
11287,2,7
N,2782,2,4,7
40677,2,1
48863,2,7
97923,2,5
56037,7,6
81635,2,4
1095,2,4
15430,2,10
N,1091,2,5,18
32294,2,6
56839,2,2
65230,2,3
53917,2,4
16102,2,2
24230,2,10
32291,2,3
81622,2,8
93770,2,5
61149,2,6
64631,2,2
48182,2,6
63079,2,2
80423,2,3
20116,2,10
36579,2,9
23271,2,10
94877,2,10
N,1027,2,4,16
20671,2,10
71906,2,7
6196,2,2
32391,2,6
87714,2,1
6086,2,3
81373,2,2
48671,2,2
24279,2,1
52766,2,2
20645,2,2
20711,2,6
63933,2,9
31463,2,2
51420,2,7
97951,2,9
N,1625,2,4,13
5111,2,2
64135,2,10
56867,2,1
89654,2,5
73382,2,6
32230,2,3
18051,2,6
33863,2,2
40487,2,9
48598,2,3
73443,2,4
64606,2,7
79163,2,4
N,2034,2,3,15
65479,2,9
30436,2,5
12623,2,2
5623,2,3
88759,2,10
48735,2,7
44510,2,6
31583,2,7
81315,2,3
3881,2,6
65207,2,8
43751,2,1
54433,2,8
81637,2,6
56708,2,9
N,2291,2,5,11
24289,2,6
99303,2,2
79461,2,6
36515,2,6
27879,2,3
57053,2,6
68324,2,3
3902,2,10
28370,2,6
81635,2,5
7493,2,2
N,289,2,5,5
24230,2,7
89602,2,10
47683,2,8
36580,2,10
77542,2,7
N,281,2,3,12
77542,2,10
727,2,2
71379,2,6
62051,2,9
64903,2,3
36422,2,9
61878,2,2
93862,2,9
63967,2,2
89718,2,4
40515,2,3
76967,2,5
N,295,2,4,5
61093,2,2
28119,2,1
93395,2,6
11987,2,2
95701,2,7
N,267,2,4,19
71495,2,9
3903,2,8
71271,2,7
13223,2,6
73431,2,2
13854,2,2
69319,2,4
99544,2,9
47424,2,3
96990,2,2
62531,2,8
15590,2,10
14527,2,8
56033,2,2
91879,2,7
3623,2,8
24267,2,3
69223,2,9
81630,2,1
N,74,2,3,10
64615,2,2
30429,2,10
55968,2,2
40647,2,6
52807,2,3
44697,2,8
6071,2,10
12007,2,4
48571,2,3
54438,2,7
N,1187,2,5,19
579,2,4
59603,2,3
72135,2,7
28007,2,10
46311,2,6
80607,2,5
16087,2,2
48871,2,5
95943,2,5
6027,2,5
36317,2,8
95703,2,7
85667,2,3
99943,2,8
72275,2,2
32409,6,5
48099,2,5
42721,2,1
48805,2,7
N,1886,2,5,14
61007,2,4
10647,2,5
60959,2,5
83682,2,8
72279,2,9
9543,2,5
27587,2,3
14050,2,4
97958,2,3
88663,2,7
98691,2,6
90942,2,2
38292,2,9
13861,2,2
N,1265,2,4,18
88739,2,5
43155,2,8
89287,2,1
13767,2,7
81639,2,1
60115,2,7
3623,2,6
4677,2,6
72383,2,9
52469,2,5
89667,2,1
62887,2,2
89654,2,1
73447,2,2
5559,2,7
32467,2,4
48209,2,3
47846,2,3
N,199,2,4,8
62147,2,9
89189,2,4
87271,2,6
32481,2,4
64951,2,7
87185,2,5
72935,2,1
87719,2,3
N,2242,2,5,18
81381,2,1
65110,2,9
26111,2,2
31463,2,9
65247,2,7
85523,2,4
32483,2,1
40559,2,5
88279,2,1
63831,2,10
22119,2,4
89814,2,10
56789,2,9
24293,2,1
99935,2,5
77543,2,9
89426,2,4
96997,2,9
N,1795,2,4,18
44775,2,9
16091,2,8
54516,2,9
42597,2,9
29901,2,1
98015,2,3
23910,2,6
24295,2,5
81895,2,6
13725,2,5
9766,2,2
39775,2,3
16103,2,1
769,8,10
16089,2,7
38595,2,1
36575,2,8
11851,2,9
N,2291,2,4,9
20053,2,7
63935,2,5
16019,2,10
88742,2,1
48615,2,9
95454,2,2
24158,2,9
47808,2,6
97823,2,5
N,1435,2,5,9
85605,2,9
56195,2,6
31142,2,4
32487,2,6
73380,2,4
72871,2,1
73436,2,8
64917,2,9
80986,2,10
N,232,2,3,7
21989,2,9
88997,2,6
15582,7,1
53923,2,7
40518,2,3
18655,2,1
95590,2,1
N,2914,2,3,20
80309,2,1
40487,2,6
15655,2,1
2103,2,4
48723,2,3
20191,2,8
92267,2,1
75495,2,2
78561,2,10
81587,2,1
56902,2,9
23267,2,4
63058,2,8
48365,2,8
15802,2,8
46529,2,4
5169,2,4
81125,2,1
48854,2,7
87782,2,4
N,2171,2,3,17
47819,2,10
14859,2,9
46567,2,10
10695,2,9
24294,2,2
97710,2,2
20951,2,9
65238,2,9
14394,2,8
72255,2,9
36447,2,3
57062,2,6
37607,2,4
3622,2,6
48259,2,4
9151,2,7
27879,2,5
N,2301,2,5,15
31271,2,8
32182,2,10
49799,2,10
79542,2,2
44775,5,5
94439,2,7
64719,2,6
6087,2,1
21971,2,6
95446,2,4
80615,2,3
57019,2,9
44775,2,3
60967,2,1
48822,2,1
N,315,2,5,12
67295,2,1
1927,2,4
97397,2,1
29317,2,6
81575,2,5
29799,2,6
32415,2,10
73405,2,8
55013,2,3
22246,2,10
48262,2,2
36447,2,7
N,2045,2,4,14
88933,2,5
52559,2,8
71623,2,4
56022,2,1
80742,2,3
40547,2,1
56884,2,5
54503,2,1
24295,2,2
15333,2,6
31028,2,9
40371,2,10
80583,2,1
40383,2,8
N,506,2,4,5
87143,2,4
15939,2,3
32255,2,6
24165,2,3
65159,2,5
N,1219,2,4,9
32089,2,6
32419,2,5
59023,2,8
28383,2,7
31974,2,5
5056,2,3
14055,2,1
79005,2,2
40519,2,2
N,1475,2,3,14
48591,2,7
39615,2,7
24157,2,6
62694,2,1
59730,2,4
56294,2,3
20975,2,4
3398,2,2
72415,2,3
13871,2,9
76893,2,6
97979,2,1
63055,2,7
32454,2,10
N,739,2,4,12
60903,2,5
31271,2,1
28375,2,2
40551,2,2
71831,2,10
69343,2,1
13319,2,1
63655,2,6
81607,2,2
81061,2,1
61903,2,1
47269,2,4
N,771,2,5,20
60069,2,4
70359,2,9
80357,2,4
95843,2,10
32111,2,2
27061,2,5
95933,2,6
72791,2,1
98022,2,6
25215,2,10
87638,2,1
57011,2,1
89799,2,3
6127,2,1
2085,2,3
40662,2,1
40637,2,7
96711,2,4
31713,2,7
65255,2,8
N,2243,2,5,9
65249,2,8
64227,2,1
62643,2,10
32486,2,2
73442,2,4
13543,2,4
13895,2,8
46807,2,4
93925,2,8
N,27,2,5,10
40667,2,8
38047,2,6
45783,2,2
28890,2,1
44743,2,8
23588,2,8
39393,2,10
48251,2,1
89759,2,5
24189,2,7
N,299,2,4,9
57039,2,7
89699,2,1
13958,2,6
22103,2,2
39639,2,7
72804,2,2
40667,2,2
65038,2,9
14676,2,2
N,2243,2,3,14
54359,2,6
46799,2,9
18015,2,10
47715,2,4
28326,2,4
81639,2,7
27783,2,9
46806,2,2
97439,2,9
3909,2,5
30423,2,10
97888,2,10
47526,2,10
81511,2,3
N,2507,2,4,11
26325,2,9
94631,2,8
76483,2,3
56935,2,3
18599,2,3
73382,2,5
73182,2,2
40679,2,7
16037,2,2
40418,2,8
15069,2,5
N,267,2,3,19
64979,2,3
35396,2,7
83175,2,3
89750,2,7
73431,2,2
4741,2,4
98021,2,2
48871,2,8
40127,2,5
76383,2,1
55905,6,9
89319,2,7
91855,2,6
19727,2,8
24294,2,9
64743,2,5
78977,2,3
94493,2,5
72679,2,7
N,2046,2,4,9
1956,2,7
97935,2,9
96382,2,4
4005,2,7
7044,2,6
12703,2,5
97702,2,8
60877,2,2
47254,2,8
N,1139,2,4,10
56039,2,1
36579,2,1
4166,2,9
40660,2,6
55367,2,7
24018,2,5
62309,2,3
14939,2,7
56933,2,9
48999,2,8
N,489,2,3,12
8263,2,8
47311,2,4
89498,2,2
950,2,7
81372,2,1
87655,2,4
16101,2,5
57027,2,5
98222,2,10
38883,2,1
93731,2,6
35943,2,8
N,187,2,3,11
6077,2,3
97947,2,1
85990,2,4
97299,2,4
56487,2,4
77406,2,8
60071,2,5
4164,2,6
51431,2,2
6215,2,1
19578,2,10
N,2546,2,4,8
48599,2,2
59101,2,2
89151,2,5
40679,2,7
26343,2,7
59813,2,3
31895,2,6
38463,2,10
N,297,2,4,11
4903,2,8
9926,2,1
15254,2,2
79429,2,6
80519,2,6
3007,2,8
71261,2,8
52695,2,9
24288,2,6
4143,2,2
80167,2,7
N,1283,2,4,9
79591,2,8
93921,2,10
22207,2,2
80535,2,9
32231,2,3
71143,2,10
6023,2,2
12357,2,1
64203,2,1
N,1154,2,4,10
57063,2,7
95718,2,5
56415,2,3
97333,2,2
5695,2,4
54598,2,3
31459,2,8
69317,2,5
13793,2,10
96807,2,6
N,769,2,4,13
21478,2,1
73411,2,2
46229,2,6
6078,2,7
38063,2,2
72931,2,5
30315,2,7
89795,2,6
65183,2,9
31876,2,3
54487,2,5
38621,2,7
22885,2,9
N,1071,2,4,17
18014,2,9
6087,2,6
25831,2,8
46759,2,1
56675,2,9
71197,2,6
86755,2,5
38629,2,7
28829,2,5
2023,2,8
89169,2,6
80391,2,8
87760,2,9
54502,2,8
38340,2,5
15782,2,1
23782,2,3
N,1251,2,4,9
62655,2,2
96739,2,10
24273,2,8
96997,2,3
14563,2,2
87654,2,4
56646,2,10
93794,2,8
97725,2,5
N,313,2,3,7
31385,2,9
32423,2,6
23734,2,3
48606,2,3
30439,2,9
81343,2,1
42684,2,2
N,251,2,4,13
61094,2,4
97999,2,10
72283,2,2
56739,2,6
30259,2,7
39463,2,9
72059,2,3
89499,2,8
35876,2,10
80453,2,2
56919,2,2
97447,2,3
95463,2,8
N,1019,2,4,11
66823,2,7
32423,2,3
40679,2,5
14460,2,9
15044,2,8
16028,2,8
24037,2,4
1343,2,4
58588,2,7
96959,2,1
14623,2,2
N,1242,2,3,12
4923,2,5
93647,2,8
88263,2,5
36017,2,10
19174,2,4
4167,2,1
13661,2,9
27185,2,5
87750,2,2
31715,2,1
20111,2,5
84926,2,7
N,202,2,4,17
56807,2,2
72151,2,3
77517,2,7
52127,2,7
6182,2,3
46751,2,6
48167,2,3
15839,2,3
12869,2,8
73351,2,2
81575,2,6
72419,2,10
64678,2,1
13358,2,10
48853,2,8
30313,2,6
51367,2,9
N,2051,2,5,7
56423,2,2
36583,5,3
61125,2,10
31454,2,9
44627,2,9
66266,2,1
76119,2,6
N,381,2,3,7
18403,2,2
32195,2,4
14039,2,2
53311,2,1
2111,2,2
40647,2,5
31987,2,8
N,688,2,3,16
98018,2,8
47806,2,10
38047,2,3
81463,2,3
56995,2,7
64723,2,3
23271,2,9
48867,2,2
55911,2,5
19659,2,10
97929,2,2
81636,2,5
1095,2,7
6118,2,4
88039,2,8
71892,2,8
N,330,2,3,15
36067,2,3
89743,2,3
47271,2,4
97783,2,3
30807,2,10
43063,2,7
70373,2,7
61158,2,3
96213,2,8
11298,2,4
1351,2,10
83767,2,1
23987,2,2
83679,2,5
34342,2,10
N,2281,2,5,14
695,2,2
40662,2,3
81383,2,10
65221,2,2
6143,2,6
65754,2,3
62183,2,2
81281,2,7
40359,2,4
72263,2,2
15975,2,9
14551,2,2
73348,2,7
48871,2,1
N,491,2,4,10
86991,2,3
76453,2,7
31463,8,5
48807,2,7
56822,2,2
6215,2,7
54982,2,9
70882,2,6
6126,2,7
83423,2,10
N,1255,2,4,8
89390,2,5
92995,2,9
89301,2,4
59942,2,1
84135,2,3
36494,2,3
15970,2,2
40550,2,3
N,1187,2,3,8
38624,2,9
57030,2,2
80101,2,10
98005,2,7
5181,2,5
71383,2,4
23261,2,2
69351,2,5
N,2871,2,5,20
35303,2,7
27815,2,4
18852,2,5
79399,2,4
96390,2,10
81095,2,7
3621,2,10
77319,2,1
55989,2,9
31840,2,1
48359,2,8
44115,2,10
48742,2,8
55719,2,8
20835,2,7
5895,2,10
1447,2,9
97991,2,8
40158,2,1
14021,2,2
N,2109,2,3,6
85683,2,10
75447,2,3
3654,2,1
93791,2,5
64135,2,2
63127,2,2
N,1280,2,4,19
26959,2,8
65119,2,9
64198,2,2
57029,2,4
72806,2,7
26582,2,5
21599,2,4
40675,2,8
6215,2,1
71114,2,6
14750,2,10
11687,2,10
19046,2,6
43735,2,5
78753,2,7
42403,2,8
12867,2,6
93411,2,4
15975,2,10
N,160,2,3,15
15009,2,6
94562,2,5
84630,2,7
32487,2,6
70879,2,7
5919,2,3
16070,2,8
81637,2,3
2119,2,5
42215,2,9
6199,2,5
93915,2,2
24193,2,5
31079,2,2
97774,2,5
N,2127,2,5,11
81127,2,4
57508,2,8
57060,2,6
12719,2,1
11809,2,2
89318,2,8
89315,2,1
13787,2,4
24295,2,2
5436,2,8
4143,2,6
N,2163,2,4,5
31159,2,6
89819,2,6
98015,2,8
85491,2,9
48839,2,2
N,331,2,3,20
59103,2,8
15831,2,5
89567,2,6
40515,2,5
84671,2,10
40163,2,6
48679,2,7
31943,2,8
89653,2,1
32451,2,4
89758,2,4
79069,2,4
69223,2,10
48551,2,8
24164,2,7
15973,2,3
85666,1,3
48549,2,2
51040,2,6
28111,2,9
N,2307,2,5,18
14379,2,6
89574,2,7
40679,2,2
76679,2,2
97959,2,10
61138,2,5
32485,2,6
5927,2,2
15974,2,3
57042,2,6
80075,2,10
63073,2,1
16036,2,9
48787,2,10
89283,2,8
62452,2,5
81255,2,9
50791,2,3
N,1245,2,3,12
55509,2,5
54692,2,4
93591,2,5
93667,2,4
89799,2,6
54709,2,8
76511,2,5
80561,2,7
13878,2,4
24023,2,8
80511,2,2
97981,2,9
N,162,2,4,19
26338,2,2
55907,2,3
97831,2,6
21159,2,1
10949,2,2
73435,2,6
39582,2,7
3139,2,6
22223,2,3
33215,2,4
69042,2,2
40607,2,9
77543,2,6
48865,2,7
56610,2,1
82141,2,1
73447,2,10
84643,2,1
24290,2,9
N,1115,2,5,20
59751,2,1
95970,2,8
72389,2,10
79463,2,8
78818,2,10
80543,2,8
48743,2,2
48839,2,2
32135,2,6
31687,2,1
89562,2,9
52806,2,9
15847,2,9
47591,2,7
15943,2,4
89831,2,10
4115,2,9
28387,2,1
2051,2,9
24150,2,9
N,11,2,4,13
89310,2,8
2102,2,3
22759,2,10
97494,2,1
87719,2,10
15075,8,9
1603,2,8
96772,2,9
80359,2,8
81111,2,7
88606,2,3
93605,2,7
87615,2,1
N,899,2,4,19
61063,2,6
72423,2,9
32359,2,7
59111,2,9
5110,2,4
47846,2,5
87493,2,2
40422,2,8
63205,2,10
46791,2,5
32487,2,4
44707,2,7
37607,2,4
51431,2,7
14919,2,4
13732,2,9
81127,2,3
81585,2,8
65253,2,9
N,1217,2,5,5
39639,2,9
6214,2,5
77019,2,7
13797,2,6
38609,2,5
N,2274,2,3,8
15959,2,1
35935,2,3
65195,2,5
81061,2,6
56807,2,3
97991,2,1
44999,2,9
63077,2,7
N,1788,2,4,18
88124,2,1
28492,2,2
57059,2,1
30033,2,5
22236,2,6
16102,2,6
60254,2,5
56934,2,10
94879,2,5
29155,2,2
56750,2,6
63205,2,10
52935,2,6
40660,2,2
81639,2,10
48805,2,7
40550,2,3
89702,2,2
N,770,2,5,9
32195,2,7
55012,2,6
20111,2,5
97631,2,2
80542,2,5
96727,2,5
88799,2,4
24279,2,6
40150,2,5
N,259,2,5,5
30142,2,5
44743,2,10
15991,2,2
64711,2,7
63191,2,9
N,1235,2,5,16
56470,2,3
89823,2,5
88930,2,3
68319,2,9
15573,2,2
85572,2,3
30132,2,3
81383,2,2
18918,2,4
97995,2,9
73439,2,9
65252,2,10
48422,2,6
7967,2,6
81511,2,7
10307,2,10
N,234,2,5,10
52691,2,2
43749,2,6
71477,2,2
38495,2,6
95579,2,4
64991,2,9
52902,2,5
11927,2,7
35751,2,7
72866,2,1
N,1921,2,4,16
77536,2,7
6043,2,3
94143,2,4
14558,2,1
23003,2,7
23205,2,6
80479,2,5
14917,2,9
85622,2,9
71141,2,2
4163,2,4
99815,2,7
35550,2,4
98023,2,6
74979,2,9
5150,2,6
N,706,2,5,5
31327,2,10
89811,2,10
96975,2,2
89829,2,7
73421,2,8
N,731,2,5,5
62871,2,3
16099,2,8
29058,2,10
38533,2,2
42582,2,1
N,1775,2,5,12
62119,2,4
15399,2,2
24283,2,8
95909,2,5
26058,2,5
16103,2,7
89752,2,3
63973,2,8
11743,2,6
79127,2,3
84528,2,5
5559,2,3
