D,2,8
D,2,8
S,2,10,14,34
P,2,8,1203,3114.64
P,2,10,1217,2691.7
P,2,8,2303,4727.9
P,2,9,58,2259.12
P,2,10,310,245.89
P,2,8,2307,2964.66
P,2,10,1090,3601.15
P,2,8,135,4653.25
P,9,6,1275,184.99
P,2,8,2305,651.01
P,2,8,1841,3607.64
P,2,10,1218,1941.92
P,9,9,2287,2794.18
P,2,8,2301,2631.59
P,2,10,723,3511.44
P,2,10,2179,1275.87
P,2,9,2299,146.02
P,2,8,1979,551.63
P,7,9,2777,672.88
P,2,8,65,4281.28
P,2,8,1275,3605.78
P,2,10,2083,1264.72
P,2,8,945,2584.97
P,2,8,267,3149.68
P,2,8,2178,3674.89
N,47,2,9,10
31943,2,4
37605,2,10
31783,2,3
57063,2,6
89698,2,5
53247,2,8
56158,2,3
30437,2,1
39387,2,7
14823,2,9
N,1283,2,9,17
32342,2,8
96275,2,8
89829,2,1
79907,2,8
97347,2,8
4156,2,8
55367,2,4
14887,2,2
37,2,9
46727,2,7
35909,2,6
14799,2,1
15538,2,9
11971,2,5
2118,2,4
63061,2,6
62981,2,3
N,2291,2,9,13
72996,2,10
31287,2,4
72663,2,3
48463,2,2
48725,2,4
73447,2,10
24227,2,5
4935,2,3
56551,2,10
97831,2,3
54691,2,2
73022,2,3
31703,2,4
P,2,10,1282,1275.75
P,2,10,2103,3973.85
N,41,2,9,12
24286,2,6
32487,2,9
44250,2,4
7737,2,3
43732,2,4
63079,2,8
71387,2,8
11271,2,7
63175,2,7
60799,2,1
73187,2,2
56993,2,1
N,551,2,8,20
80999,2,2
15966,2,4
89815,2,3
16071,2,3
88771,2,1
40423,2,4
88415,2,2
73187,2,9
61158,2,8
85394,2,8
13019,2,8
62107,2,7
48351,2,3
97475,2,2
52919,2,1
24151,2,9
17051,2,10
69155,2,8
25235,2,1
30690,2,7
N,767,2,8,18
15527,2,5
40423,2,4
70847,2,10
50743,2,3
19685,2,1
6050,2,7
15693,2,10
79767,2,4
52951,2,3
52694,2,6
62613,2,6
14055,2,10
71117,2,1
97749,2,2
16039,2,5
23030,2,5
72771,2,4
22215,2,10
N,1274,2,9,9
81533,2,2
24283,2,2
11931,2,10
44771,2,8
95943,2,7
48863,2,10
79319,2,9
18082,2,1
26274,2,2
T
R,2,8,121
D,2,10
D,2,1
D,2,8
D,2,8
