N,2172,3,1,10
24167,3,7
97111,3,10
15959,3,10
32480,3,8
42467,3,9
34518,3,6
6055,3,5
75623,3,4
16039,3,3
24198,3,2
N,353,3,1,7
29399,3,4
17884,3,10
22247,3,3
73255,3,2
31460,3,5
4033,3,1
37478,3,8
N,2786,3,1,15
35413,3,9
72293,3,8
47263,3,6
14947,3,9
64707,3,6
35426,3,5
2995,3,7
22871,3,1
32484,3,4
4151,3,1
69087,3,10
5702,3,4
32450,3,9
12257,3,2
47783,3,4
N,67,3,1,19
61079,3,5
67292,3,7
2023,3,7
72935,3,6
24039,3,5
81246,3,4
61670,3,4
40291,3,2
11746,3,1
81605,3,6
79204,3,8
47198,3,3
48279,3,2
85203,3,8
23767,3,3
92383,3,9
46294,3,7
44223,3,8
24227,3,3
N,323,3,1,16
93591,3,1
62169,3,6
89238,3,6
7238,3,8
34019,3,7
96433,3,1
46801,3,1
38631,7,3
80502,3,10
65019,3,6
83646,3,5
12007,3,9
80610,3,9
80022,3,5
48231,3,4
53363,3,9
N,763,3,1,20
96558,3,7
71391,3,2
71911,3,5
89767,3,1
63047,3,8
95831,3,9
71235,3,5
71271,3,3
23103,3,4
57934,3,5
73404,3,4
89783,3,1
83677,3,10
71414,3,6
14919,3,7
40615,3,10
72863,3,10
24262,3,3
61123,3,5
574,3,9
N,331,3,1,15
48743,3,3
85467,3,10
37958,3,2
69119,3,3
26079,3,8
57031,3,9
37319,3,5
1075,3,6
38583,3,4
72418,3,5
46279,3,9
24269,3,5
13006,3,6
32476,3,1
35381,3,9
N,1258,3,2,13
94311,3,4
81591,3,5
48825,3,5
96102,3,1
48867,3,4
79062,3,2
48871,3,7
4160,3,7
39618,3,6
64989,3,3
40676,3,2
1143,3,7
4678,3,8
N,1283,3,2,5
6127,3,10
72870,3,4
14687,3,5
73319,3,10
12806,3,1
N,99,3,1,9
13031,3,8
38085,3,4
95935,3,1
32471,3,5
85415,3,10
77415,3,6
28886,3,4
72291,3,7
81466,3,6
N,2267,3,1,17
78558,3,2
56519,3,8
20181,3,10
89029,3,7
46307,3,5
39903,3,10
56032,3,3
93927,3,5
64859,3,4
94734,3,3
40679,3,9
40406,3,2
44582,3,1
55141,3,8
55011,3,5
19679,3,4
6143,3,10
N,75,3,1,14
56495,1,5
47779,3,2
97499,3,4
3901,3,1
81548,3,7
39095,3,5
56215,3,6
40517,3,5
23271,3,9
52007,3,4
72130,3,7
56999,3,4
95809,3,4
54215,3,3
N,295,3,1,20
61630,3,6
55007,3,5
6151,3,10
645,3,3
78566,3,4
11861,3,5
31239,3,9
51879,3,2
3142,3,7
53961,3,8
43747,3,6
14951,3,8
80615,3,4
96999,3,5
54807,3,9
25415,3,4
12955,3,10
75489,3,7
56844,3,8
60883,3,3
N,1795,3,1,17
85655,3,7
71399,3,7
89315,3,5
86243,3,5
65255,3,8
40677,3,3
14995,3,6
19687,3,2
69587,3,6
56574,3,6
72679,3,6
40615,3,2
80103,3,1
68015,3,5
89507,3,8
15573,3,3
64055,3,6
N,2475,3,1,13
39779,3,9
99299,3,10
12357,3,4
79005,3,8
73415,3,9
73442,3,4
2111,3,7
11719,3,2
52069,3,3
4151,3,9
72403,3,1
3261,3,8
32342,3,8
N,325,3,1,7
80775,3,4
95860,3,9
41953,3,2
56039,3,8
80615,3,4
4933,3,7
64983,3,5
N,2143,3,1,13
6023,3,2
95471,3,5
48869,3,4
81638,3,4
73445,3,10
56915,3,6
70839,3,6
38431,3,6
71362,3,7
12847,3,7
12994,3,6
1989,3,10
47822,3,1
N,171,3,1,20
69190,3,8
20197,3,1
61035,3,8
47779,3,4
89797,3,3
79414,3,5
50903,3,1
85701,3,1
78559,3,10
5287,3,4
98013,3,6
65094,3,4
77543,3,3
34973,3,2
21187,3,9
98002,3,7
14535,3,7
24215,3,8
56850,3,5
85455,3,5
N,2287,3,2,6
11362,3,1
61665,3,9
40391,3,4
25313,3,10
3654,3,5
89046,3,6
N,1235,3,1,12
97953,3,5
56999,3,2
30585,3,4
19684,3,8
5950,3,6
6063,3,9
93921,3,1
31907,3,9
27351,3,9
53846,3,4
56545,3,6
85735,3,3
N,73,3,2,5
20763,3,6
61095,3,7
64099,3,4
2077,3,10
56987,3,3
N,323,3,1,10
88774,3,5
34276,3,9
34534,3,8
27764,3,9
39391,3,1
57063,3,1
39586,3,2
22567,3,3
23009,3,1
23213,3,5
N,2783,3,2,17
40356,3,9
98020,3,5
10309,3,9
90705,3,1
72807,3,9
65237,3,2
24095,3,8
89815,3,5
89829,3,2
46759,3,8
64702,3,4
39715,3,8
12427,3,2
36375,3,7
95943,3,5
85719,3,6
94877,3,1
N,2107,3,2,7
64467,3,5
73447,3,10
34507,3,6
97735,3,6
46746,3,2
73291,3,10
15652,3,8
N,1026,3,2,9
31462,3,9
19911,3,10
56022,3,10
97494,3,7
13859,3,5
46525,3,5
72997,3,7
87449,3,7
61159,3,3
N,2689,3,1,9
46555,3,9
63463,3,2
65045,3,5
32115,3,6
89315,3,3
52383,3,10
41703,3,3
55781,3,8
9927,3,10
N,1203,3,2,17
3011,3,7
693,3,8
16103,3,6
80870,3,10
73191,3,5
73255,3,9
71078,3,3
64718,3,4
40579,3,1
23174,3,8
52967,3,4
85669,3,2
36547,3,10
60903,3,10
81630,3,7
73447,6,4
13346,3,3
N,251,3,1,16
4922,3,2
85471,3,7
56933,3,2
72087,3,8
72295,3,7
12358,3,7
69211,3,7
23655,3,3
12164,3,4
11783,3,1
95269,3,1
24223,3,4
72387,3,10
84359,3,5
57054,3,7
80783,3,1
N,1147,3,2,12
89827,3,8
63122,3,6
5943,3,8
89825,3,7
52807,3,5
48693,3,10
15781,3,8
98023,3,9
21077,3,8
12007,3,1
38110,3,6
29891,3,6
N,170,3,1,12
73303,3,8
32097,3,1
24165,3,5
88797,3,7
80583,3,7
86623,3,6
24166,3,7
88282,3,3
32385,3,6
39514,3,10
57051,3,4
36547,3,6
N,67,3,2,12
75927,3,7
55015,3,7
75611,3,2
66783,3,3
56039,3,10
35943,3,1
5063,3,10
10949,3,8
65,3,7
65238,3,3
55003,3,1
47799,3,10
N,2627,3,1,15
62683,3,8
74983,3,5
57023,3,10
89698,3,1
69221,3,10
73381,3,4
71344,3,6
73431,3,5
5511,3,4
38565,3,6
21549,3,9
58599,3,2
48739,3,9
13015,3,2
21735,10,10
N,2231,3,1,7
32365,3,5
23270,5,1
95831,3,7
40545,3,3
24295,3,5
8333,3,1
10055,3,6
N,313,3,2,19
22227,3,7
79527,3,2
5951,3,10
56950,3,8
21206,3,2
89647,3,8
16037,3,9
13221,3,5
69151,3,7
15707,3,2
81382,3,2
32415,3,8
27607,3,7
40615,3,10
18979,3,3
22375,3,10
89831,3,4
65254,3,6
20898,3,7
N,24,3,2,17
89570,3,1
31959,3,1
39813,3,8
60135,3,2
22807,3,6
70371,3,6
61139,3,5
81602,3,5
73315,3,9
43358,3,10
72901,3,9
28103,3,6
15807,3,10
32479,3,7
23271,3,8
28162,3,3
81633,3,6
N,1411,3,1,12
2621,3,6
87649,3,7
38599,3,1
81366,3,3
81305,3,1
80461,3,9
81511,3,8
21719,3,1
40069,3,5
2110,3,4
89563,3,4
3107,3,7
N,1711,3,1,5
68267,3,2
40418,3,7
65245,3,7
64870,3,2
69214,3,8
N,1097,3,2,19
14006,3,8
89821,3,1
5871,3,1
96447,3,6
4125,3,5
81375,3,8
30400,3,6
2116,3,1
95975,3,4
63074,3,7
22199,3,9
64663,3,6
96967,3,1
55461,3,2
32222,3,3
81471,8,7
95908,3,6
73135,3,5
5053,3,1
N,1283,3,1,15
32162,3,10
83487,3,10
24259,3,8
40608,3,9
89831,3,5
81603,3,10
67189,3,7
40415,3,4
39635,3,8
40510,3,7
3262,3,5
30358,3,2
3623,3,2
47235,3,9
68959,3,6
N,1275,3,1,20
15815,3,3
6079,3,6
15523,3,5
5655,3,9
44767,3,7
47837,3,6
40615,3,9
48545,3,9
41702,3,9
89551,3,8
32486,3,9
77094,3,8
31886,3,6
24030,3,6
52439,3,9
73431,3,7
32482,3,3
60357,3,9
87523,3,3
96743,3,5
N,722,3,1,16
56767,3,6
59623,3,5
5437,3,10
62175,3,8
31951,3,10
13894,3,2
46647,3,10
87776,3,9
97892,3,2
47847,3,6
64895,9,10
30439,3,9
37862,3,2
28100,3,9
56551,3,6
50851,3,1
N,2435,3,1,9
40663,3,7
71303,3,3
89671,3,4
56796,3,3
95382,3,7
69346,3,7
51803,3,3
89301,3,1
39811,3,6
N,2177,3,1,20
48833,3,7
48837,3,8
89543,3,7
57055,3,4
13598,3,3
48867,3,4
63111,3,7
48870,3,10
3103,3,5
78675,3,3
40643,3,2
1543,3,2
80094,3,5
77487,3,4
86919,3,6
14055,3,5
62565,3,5
38567,3,5
31462,3,7
89191,3,4
N,2678,3,2,6
22379,3,6
89382,3,3
40407,3,2
13861,3,2
79759,3,9
30335,3,2
N,1251,3,2,15
56791,3,9
32115,3,9
48773,3,2
74969,3,7
97761,3,4
84575,3,10
9927,3,3
97557,3,1
75365,3,7
81307,3,8
29219,3,4
97943,3,1
40677,3,10
76231,3,1
40165,3,7
N,1263,3,1,10
73409,3,8
32487,3,1
57057,3,4
89761,3,8
67231,3,5
15327,3,2
73315,3,5
34211,3,5
93927,3,10
443,3,4
N,1955,3,1,9
2111,3,2
15919,3,10
50322,3,4
80983,3,1
97894,3,4
38115,3,2
98023,3,9
40671,3,1
93894,3,10
S,3,2,14,35
N,331,3,1,10
91874,3,3
62645,3,2
15527,3,8
50908,3,4
30405,3,2
31586,3,4
87779,3,3
36135,3,7
23635,3,7
89377,3,4
N,263,3,1,18
89831,3,10
96419,3,10
89814,3,7
72355,3,3
23655,3,1
4668,3,8
57023,3,4
89825,3,2
81366,3,1
65221,3,8
95559,3,9
30934,3,8
30410,3,4
19935,3,2
5694,3,10
42723,3,6
20574,3,7
17827,3,5
N,1022,3,1,20
16067,3,1
32482,3,5
98022,3,6
73155,3,4
48581,3,4
72143,3,6
95954,3,3
6183,3,7
7803,3,7
76455,3,6
53733,3,6
73343,3,10
28038,3,8
89539,3,4
48868,3,4
87719,3,7
32345,3,5
36071,3,2
57062,3,5
18150,3,2
N,771,3,2,18
44669,3,9
54975,3,5
46823,3,10
6023,3,1
6171,3,9
33699,3,1
96855,3,3
59082,3,7
81127,3,5
71204,3,9
16079,3,10
39637,3,9
78499,3,1
89731,3,3
5829,3,2
46822,3,9
69005,3,8
6175,3,10
N,1783,3,2,9
16080,3,1
48791,3,10
25764,3,7
54694,3,6
52711,3,6
54019,3,10
71398,3,5
81090,3,8
32227,3,6
N,451,3,1,19
39141,3,9
10775,3,2
15843,3,5
42470,3,10
37303,3,3
73062,3,2
56771,3,8
60119,3,9
89766,3,5
24187,3,6
73190,3,7
64855,3,4
63199,3,7
97621,3,10
98007,3,2
12961,3,4
32479,3,5
93091,3,9
78950,3,3
N,75,3,1,19
14567,3,7
79331,3,2
89697,3,8
56801,3,4
55007,3,4
89823,3,7
89823,3,9
95963,3,4
22183,3,9
6187,3,7
97443,3,7
69286,3,6
65238,3,9
38591,3,9
71911,3,4
39455,3,2
68259,3,2
81475,3,5
57050,3,1
N,294,3,1,5
48483,3,10
6215,3,9
73119,3,6
56955,3,7
85721,3,2
P,3,2,2531,4593.89
P,3,1,2203,109.28
N,1121,3,1,12
5031,3,8
98007,3,7
88517,3,6
79782,3,6
97959,10,2
54774,3,4
31207,3,1
48567,3,10
5109,3,7
89703,3,10
17199,3,1
2055,3,2
D,3,8
O,3,1,2963
P,3,1,1563,3984.23
P,3,2,2241,1986.11
D,3,3
D,3,2
D,3,10
T
N,961,3,2,8
4973,3,6
80359,3,3
89813,3,10
5189,3,2
78565,3,8
3911,3,5
65239,3,4
48859,3,1
D,3,7
D,3,2
D,3,9
D,3,4
D,3,10
N,1283,3,2,16
32197,3,9
47843,3,6
38591,3,4
9935,3,9
38591,3,2
3103,3,2
89765,3,8
97109,3,6
65255,3,3
73367,3,2
20151,3,2
39623,3,3
10303,3,5
43239,3,2
83623,3,6
36895,3,10
D,3,3
D,3,7
D,3,5
T
D,3,3
D,3,3
P,3,2,1023,811.87
D,3,8
D,3,4
D,3,5
O,3,1,2243
D,3,2
D,3,5
P,3,1,318,1100.02
P,3,2,975,4291.87
N,1155,3,1,12
24110,3,3
30295,3,9
63636,3,1
48870,3,2
13508,3,7
44239,3,5
56871,3,1
61145,3,5
15815,3,8
6086,3,4
77301,3,5
81215,3,4
N,2305,3,1,13
48837,3,8
15205,3,7
89447,3,10
61027,3,9
6183,3,5
48276,3,7
48743,3,4
15078,3,7
63207,3,5
44735,3,7
81637,3,4
48263,3,6
88743,3,2
N,247,3,1,11
9045,3,2
48589,3,5
30183,3,7
44747,3,6
65223,3,8
29591,3,9
52767,3,10
24160,3,6
56277,3,9
64165,3,9
81367,3,7
N,2297,3,2,16
68062,3,3
96647,3,3
65055,3,4
11486,3,3
55015,3,8
56797,3,10
54879,3,9
40543,3,5
4150,3,2
72921,3,6
31446,3,3
10309,3,9
77541,3,7
32487,5,1
23711,3,5
11459,3,4
D,3,1
T
O,3,1,1539
P,3,2,235,4503.58
P,3,1,330,2913.06
P,3,2,1859,4738.02
P,3,2,2307,1936.64
P,3,1,2051,4894.58
N,2305,3,2,7
46821,3,5
87768,3,3
46807,3,2
56763,3,6
89610,3,4
85443,3,2
16014,3,2
D,3,5
N,1251,3,2,8
62695,3,4
48743,3,8
46755,3,1
56991,3,10
97319,3,1
7750,3,7
86375,3,6
40551,3,7
N,763,3,1,18
44069,3,3
24162,3,7
5415,3,8
72357,3,6
16101,3,4
98014,3,7
22115,3,4
56839,3,6
24295,3,10
57045,3,8
40671,3,3
6215,3,6
40519,3,4
87167,3,7
15999,3,9
97695,3,8
87015,3,7
61143,3,3
D,3,3
N,61,3,1,9
97943,3,1
48611,3,10
64911,3,2
27839,3,10
32453,3,5
89823,3,1
69191,3,3
6199,3,6
83669,3,5
D,3,6
O,3,2,587
N,2818,3,2,7
23207,3,3
48861,3,4
94931,3,1
97985,3,3
67303,3,7
85688,3,1
93905,3,4
N,2241,3,1,7
89702,3,3
60124,3,8
92883,3,8
71143,3,4
38485,3,6
6214,3,3
16087,3,5
O,3,1,240
D,3,2
P,3,1,2275,2069.84
N,640,3,2,17
88623,3,8
99374,3,7
16103,3,8
2629,3,9
15459,3,6
72420,3,4
5126,3,3
30773,3,8
66811,3,3
19095,3,3
38591,3,8
39583,3,8
76123,3,9
39575,3,1
85094,3,4
88463,3,8
65251,3,8
N,1275,3,2,20
79871,3,6
2616,3,7
97767,3,7
91879,3,1
56887,3,6
46723,3,7
93663,3,5
22066,3,1
13755,3,3
75174,3,4
4931,3,9
40637,3,8
47159,3,8
24295,3,7
48856,3,2
1859,3,6
15583,3,10
72406,3,2
80999,3,9
81638,3,3
N,2801,3,1,13
23266,3,4
24079,3,9
15018,3,4
56039,3,5
23926,3,9
52963,3,5
23775,3,1
56771,3,6
45025,3,3
23395,3,3
29863,3,3
72423,3,8
81607,3,7
N,71,3,1,7
30310,3,9
89091,3,9
65222,3,4
38618,3,7
95971,3,7
95965,3,5
3895,3,10
N,1195,3,1,17
4065,3,9
7814,3,5
88278,3,7
24277,3,6
57051,3,3
56039,3,7
16014,3,8
6215,3,3
55771,3,7
81556,3,1
62663,3,6
81511,3,10
27108,3,8
97863,3,10
88290,3,2
21959,3,10
64212,3,6
N,1775,3,2,18
15641,3,7
42215,3,5
48423,3,8
21733,3,5
80359,3,4
27779,3,6
4791,3,9
73447,3,3
3907,3,1
77479,3,6
39394,3,5
32430,3,9
31943,3,6
57059,3,2
23911,4,10
24131,3,10
31421,3,7
72791,3,8
N,1279,3,2,16
52582,3,9
85653,3,5
12263,3,8
40671,3,8
15783,3,7
14053,3,10
38181,3,4
48863,3,3
65253,3,10
13851,3,6
4103,3,4
32390,3,1
40613,3,7
78567,3,4
59103,3,1
73043,3,5
N,57,3,2,11
24279,3,3
1079,3,6
27623,3,3
28383,3,8
3459,3,6
23934,3,9
32211,3,5
30387,3,5
81511,3,5
91875,3,4
32311,3,4
N,1751,3,2,12
32423,3,8
9107,3,7
87623,3,2
93895,3,4
13071,3,9
95483,3,1
28343,3,2
72935,3,7
52865,3,2
95975,9,7
6215,3,2
19155,3,1
N,51,3,1,5
85159,3,5
44359,3,10
88598,3,7
46807,3,5
4647,3,6
N,161,3,2,14
81639,3,1
61091,3,7
88273,3,2
79555,3,3
46541,3,7
61471,3,8
57059,3,2
5927,3,7
3367,3,1
48359,3,5
10175,3,5
31974,3,9
82535,3,5
56039,3,3
N,161,3,1,12
23271,3,4
47799,3,2
97249,3,3
81415,3,3
6182,3,3
12708,3,10
43463,3,8
94439,3,10
46758,3,9
8775,7,6
36709,3,6
16087,3,1
N,2947,3,2,19
40609,3,10
91366,3,5
63639,3,9
57055,3,3
56519,3,7
32483,3,6
81115,3,10
39905,3,7
3873,3,6
38014,3,2
84262,3,3
15915,3,10
32487,3,5
15767,3,8
40613,3,6
40647,3,4
98013,3,7
4806,3,5
12451,3,7
N,2339,3,2,12
73438,3,5
64743,3,8
83029,3,9
97671,3,4
41631,3,10
72795,3,10
21827,3,10
96485,3,7
8255,3,3
19135,3,1
12081,3,4
36320,3,4
N,2175,3,2,5
46292,6,8
56423,3,10
23970,3,10
47843,3,10
81127,3,6
N,2299,3,2,5
18151,3,7
89319,3,2
81382,3,3
70887,3,10
37175,3,6
N,1250,3,1,11
2119,3,3
57057,3,1
89825,3,4
61079,3,8
32215,3,2
63191,3,5
60111,3,2
64322,3,10
6014,3,8
44775,3,7
89831,3,10
N,1961,3,1,8
32483,3,10
15335,3,8
81627,3,7
65253,3,8
40382,3,6
36263,3,2
96711,3,1
64867,3,8
N,1201,3,2,17
5957,3,3
40647,3,5
32485,3,5
72806,3,1
6083,3,10
37847,3,1
89243,3,5
95957,3,9
48863,3,7
11991,3,4
13542,3,6
57052,3,2
97981,3,6
56934,3,3
5669,3,8
28245,3,2
64191,3,8
N,1281,3,2,6
15491,3,4
40679,3,6
26343,3,4
24229,3,3
23901,3,9
30403,3,5
N,1535,3,2,12
1095,3,5
75495,3,7
61671,3,10
19323,3,2
55495,4,2
48355,3,2
85185,3,2
95719,3,6
92231,3,10
36551,3,8
3335,3,9
56468,3,4
N,2658,3,2,11
24167,3,3
30949,3,4
72159,3,7
59990,3,9
72771,3,1
47552,3,2
24279,3,8
6215,3,6
29415,3,9
60067,3,6
45662,3,1
N,2088,3,1,12
65255,3,5
15079,3,1
4065,3,9
38487,3,1
5880,3,3
24167,3,6
79075,3,10
24151,3,9
5030,3,9
16091,3,3
34838,3,5
92059,3,8
N,769,3,1,7
89789,3,9
1959,3,2
4164,3,7
57043,3,9
81079,3,9
89420,3,8
13223,3,7
N,319,3,1,20
13767,3,9
52951,3,4
16063,3,3
6151,3,4
30951,3,7
21207,3,3
71376,3,5
48869,3,3
23679,3,6
15527,3,5
3623,3,1
13527,3,8
88247,3,9
15589,3,1
71399,3,2
31879,3,6
95204,3,7
28342,3,6
72423,3,5
24229,3,4
N,1208,3,1,20
6199,3,10
63007,3,9
23251,3,10
88225,3,9
48839,3,10
48469,3,9
31463,3,7
48035,3,2
54167,3,5
61903,3,8
29927,3,1
98023,3,2
97990,3,6
14982,3,7
47781,3,9
1975,3,8
12495,3,6
63076,3,10
48194,3,7
5007,3,1
N,2275,3,1,6
16615,3,9
28381,3,10
865,3,4
83535,3,6
77541,3,6
60389,3,9
N,733,3,2,18
14055,3,3
23975,3,10
89779,3,2
32487,3,9
11974,3,3
4871,3,5
6191,3,2
55015,3,7
25542,3,4
15323,3,6
96421,3,7
95749,3,7
79575,3,8
23735,3,3
28387,3,3
18150,3,2
93443,3,1
60114,3,8
N,1184,3,2,5
72903,3,7
80039,3,9
3813,3,7
97979,3,10
50721,3,2
N,2303,3,1,11
3139,3,2
78941,3,10
23143,3,9
38567,3,3
64999,3,5
97887,3,8
42118,3,7
39879,3,10
43929,3,6
60709,3,7
79031,3,4
N,739,3,2,12
15967,3,7
6150,3,5
63202,3,2
64547,3,8
83681,3,7
96986,3,7
96663,3,3
40399,3,2
71910,3,2
23463,3,10
79967,3,1
81500,3,7
N,1153,3,2,11
97893,3,6
2115,3,7
57038,3,6
71939,3,4
28851,3,5
80547,3,5
81494,3,5
43234,3,8
11846,3,9
89669,3,1
89185,3,7
N,2302,3,2,15
23781,3,9
15015,3,2
81485,3,5
81571,3,2
87525,3,8
20150,3,10
5639,3,1
72910,3,4
54975,3,5
74277,3,10
80958,3,7
81503,3,2
89535,3,3
81569,3,9
6211,3,10
N,1747,3,2,14
19141,3,5
97951,3,1
27359,3,7
85079,3,7
32485,3,7
6087,3,4
15615,3,6
95430,3,3
15063,3,9
55653,3,10
42963,3,7
97971,3,2
36503,3,9
10981,3,4
N,1522,3,1,20
56223,3,7
3846,3,1
60627,3,2
23783,3,10
65245,3,4
9824,3,4
73383,3,9
73443,3,10
81095,3,4
9679,3,9
89398,3,8
4147,3,2
27223,3,1
64231,3,6
64230,3,8
81638,3,10
84703,3,6
64102,3,5
22183,3,9
32478,3,3
N,1065,3,1,19
23778,3,5
24245,3,10
89670,3,8
53463,3,10
95817,3,3
5699,3,2
72935,3,2
87779,3,1
31187,3,3
65123,3,10
81381,3,2
56998,3,8
69281,3,5
80599,3,2
24285,3,9
17543,3,7
64103,3,1
36319,2,3
6182,3,5
N,1267,3,1,12
74357,3,6
31327,3,3
13378,3,5
48838,3,5
23765,10,9
98023,3,10
84929,3,4
69351,3,1
56807,3,3
32376,3,3
39783,3,7
97888,3,3
N,1178,3,1,13
75663,3,4
25716,3,7
69219,3,6
54759,3,1
23590,3,10
36454,3,8
10855,2,4
89767,3,7
85695,3,4
81383,3,4
62719,3,5
65254,3,6
93794,3,7
N,2291,3,2,11
9751,3,5
31651,3,4
22170,3,1
98018,3,3
40678,3,4
84307,3,3
48871,3,8
54503,3,5
15319,3,1
5983,3,7
62777,3,8
N,2210,3,1,13
20190,3,4
89679,3,6
23695,3,2
81331,3,3
39646,3,5
97881,3,3
67123,3,3
88806,3,5
86723,3,5
64065,3,5
15965,3,2
77030,3,9
65183,3,6
N,1136,3,2,13
22219,3,5
81638,3,6
46695,3,7
65251,3,9
97703,3,1
45669,3,10
72415,3,4
23773,3,8
85681,3,5
6023,3,1
65255,3,10
93791,3,6
8884,3,1
N,2011,3,1,16
89743,3,6
32213,3,8
28391,3,8
48839,3,9
29847,3,9
14789,3,4
39591,3,4
34533,3,8
40399,3,8
26183,3,1
6041,3,3
40167,3,8
32307,3,6
95967,3,9
15079,3,9
44515,3,5
N,1279,3,1,15
39131,3,9
65247,3,7
48861,3,9
56647,3,8
32227,3,3
963,3,4
92767,3,4
40038,3,7
89270,3,4
52643,3,10
63075,3,8
7107,3,1
73927,3,10
39718,3,8
64997,3,4
N,2259,3,1,20
23927,3,9
70843,3,7
81603,3,4
89510,3,4
85479,3,4
13895,3,4
28373,3,1
28239,3,1
98020,3,4
48851,3,5
14423,3,1
56697,3,7
31110,3,6
23720,3,1
93877,3,6
48231,3,5
40647,3,4
47713,3,9
97893,3,8
36357,3,7
N,1059,3,1,9
9695,3,7
56783,3,8
94387,3,1
40483,3,1
70821,3,8
81314,3,3
48736,3,1
89699,3,8
89699,3,8
N,2625,3,1,12
75934,3,2
93885,3,9
16037,3,3
19631,3,5
61662,3,4
89527,3,9
89687,3,8
38629,3,7
48867,3,3
69350,3,4
48601,3,10
30231,3,10
N,186,3,2,20
40639,3,2
56934,3,2
62691,3,8
77543,3,4
48444,3,1
12913,3,10
93927,3,10
99815,3,7
73437,3,3
68246,3,10
88231,3,4
85207,3,9
32452,3,6
32135,3,10
71879,3,7
48614,3,2
56928,9,2
62945,3,9
43614,3,7
80575,3,7
N,1576,3,1,12
44707,3,9
6212,3,9
86733,3,7
3647,3,6
15555,3,1
32471,3,10
31652,3,4
48871,3,7
4550,3,6
56551,3,7
47831,3,10
42694,3,10
N,1571,3,1,18
40679,3,7
7,3,7
3655,3,10
31956,3,9
76479,3,6
99046,3,7
20196,3,3
64071,3,9
66689,3,1
73423,3,8
56839,3,7
6035,3,10
96870,3,10
31974,3,3
95974,3,1
5182,3,7
89701,3,3
83539,3,7
N,2559,3,1,12
89651,3,3
22207,3,4
30183,3,7
48711,3,7
73407,3,4
79558,3,1
69287,3,7
87765,3,8
20711,3,2
40678,3,8
55463,3,4
48839,3,4
N,2887,3,2,19
62526,5,3
17893,3,10
33991,3,5
72912,3,4
89151,3,4
73310,3,8
93661,3,10
195,3,2
32281,3,2
56791,3,5
32391,3,2
36547,3,6
64103,3,7
47295,3,3
22247,3,1
89635,3,7
26939,3,9
14567,3,10
89825,3,10
D,3,1
N,1791,3,2,12
51943,3,6
35681,3,8
65255,3,8
38215,3,3
40675,3,5
61516,3,6
97713,3,8
81093,3,2
44775,3,9
38605,3,9
40419,3,7
1667,3,3
N,320,3,1,6
6051,3,8
48743,3,5
39611,3,1
16033,3,9
3959,3,6
95965,3,9
N,1635,3,2,9
15972,3,1
87655,3,5
81588,3,2
65123,3,9
46260,3,10
85639,3,2
61003,3,9
15319,3,5
46919,3,2
N,1536,3,1,6
55525,3,2
26055,3,6
70871,3,9
65237,3,3
71399,3,6
65205,3,5
N,1187,3,1,15
38374,3,2
23563,3,5
21919,3,4
53411,3,7
30439,3,2
47798,3,10
24149,3,5
48167,3,3
95909,3,2
15589,3,5
73383,3,9
64674,3,3
28389,3,10
56662,3,6
66759,3,10
N,1283,3,2,13
11651,3,9
48549,3,8
65126,3,5
7175,3,3
94951,3,7
85223,3,10
22752,3,8
44303,3,3
39103,3,3
32159,3,5
24126,3,4
72775,3,4
6187,3,9
N,203,3,2,14
80595,3,3
32487,3,8
18087,3,6
6210,3,2
5638,3,8
86727,3,9
38588,3,3
71143,3,7
89319,3,5
24984,3,2
40545,3,10
40651,3,2
1959,3,2
31652,3,10
N,2210,3,2,19
62183,3,5
64999,3,5
63831,3,9
97511,3,5
13906,3,1
94943,3,1
32339,3,3
72417,3,2
77535,3,8
89767,3,9
40163,3,8
48351,3,8
9575,3,5
94941,3,1
35291,3,7
5284,3,5
48340,3,9
32453,3,1
52871,3,4
N,273,3,2,9
16102,3,6
81639,3,8
46775,3,6
68327,3,7
81573,3,4
5687,3,6
95797,3,9
9248,3,6
73191,3,3
N,2051,3,2,13
40615,3,3
24229,3,5
52967,3,6
48870,3,7
60839,3,3
22752,3,10
14311,3,5
72386,3,7
79462,3,2
32419,3,5
55460,3,9
6170,3,7
61149,3,4
N,11,3,1,9
97746,3,1
73447,3,10
63959,3,6
56229,3,5
6144,3,6
19619,3,7
15359,3,8
71142,3,2
64605,3,5
N,327,3,2,9
67283,3,8
32408,3,5
80359,3,10
89754,3,6
78435,3,1
1831,3,2
11775,3,9
23493,3,5
85725,3,8
N,2550,3,1,15
36507,3,7
31871,3,3
1947,3,3
89823,3,8
63079,3,7
76991,3,4
1319,3,7
5551,3,3
31415,3,9
35527,3,1
39055,3,10
5056,3,7
14111,3,3
39101,3,10
65255,3,3
N,1763,3,1,15
89783,3,3
22245,3,4
4027,3,7
73447,3,5
77539,3,4
37063,3,8
48807,3,7
31902,3,5
11995,3,2
59111,3,8
33989,3,2
9253,3,7
30182,3,1
15587,3,1
23779,3,5
N,767,3,2,6
92503,3,5
89815,3,3
44774,3,1
39490,3,3
40294,3,3
6179,3,3
N,71,3,1,20
81573,3,5
23271,3,7
81382,3,4
9879,3,8
64934,3,10
87639,3,2
48154,3,8
70374,3,2
54903,3,10
32342,3,10
98021,3,5
48869,3,10
48855,3,10
45799,3,4
52406,3,10
89279,3,4
63047,3,9
85511,3,10
30433,3,3
98005,3,3
N,1009,3,2,10
45723,3,7
24259,4,9
97895,3,7
89463,3,7
70366,3,6
55559,3,4
89495,3,7
65035,3,7
34935,3,10
73150,3,4
N,754,3,1,8
56548,4,3
6210,3,8
64742,3,10
16069,3,4
56441,3,6
48868,3,2
73447,3,2
10938,3,4
N,1258,3,2,6
6084,3,7
16061,3,10
39639,3,2
1843,3,6
79495,3,1
60642,3,7
N,2811,3,2,19
64227,3,3
44733,3,1
89766,3,3
16096,3,6
72679,3,4
581,3,2
9125,3,5
53445,3,1
3648,3,8
2756,3,4
32455,3,10
21735,3,5
89311,3,1
15767,3,3
65179,3,5
32468,3,7
89523,3,7
4039,3,5
22241,3,6
N,1987,3,1,10
64355,3,8
65116,3,3
23236,3,9
1001,3,5
95839,3,3
12325,3,6
51424,3,5
49895,3,9
99303,3,7
57055,3,2
N,1022,3,2,19
36583,3,3
89831,3,6
75478,3,3
72243,3,7
97949,3,3
53983,3,6
29797,3,2
56548,3,8
22178,3,6
2023,3,4
24036,3,7
26837,3,10
55110,3,5
39846,3,1
31897,3,2
14915,3,6
48772,3,8
6206,3,4
71131,3,3
N,899,3,2,8
89831,3,10
95841,3,1
71543,3,2
95935,3,3
21652,3,4
14038,3,10
7879,3,3
37603,3,10
N,995,3,2,9
14751,3,6
5959,3,3
65239,3,10
14687,3,3
73407,3,9
5927,3,8
73187,3,10
97892,3,4
40455,3,9
N,2222,3,1,8
12722,3,8
54929,3,5
47718,3,9
34487,3,4
24096,3,7
65157,3,8
80867,3,6
5187,3,2
N,1219,3,1,12
89053,3,6
73149,3,3
31767,3,3
72807,3,5
67255,3,4
40149,3,2
76983,3,8
4159,3,5
27301,3,10
80471,3,6
48855,3,3
70630,3,8
N,1123,3,1,6
97254,3,3
6183,3,1
57046,3,7
80999,3,5
69197,3,1
95969,3,9
N,2877,3,2,10
89671,3,2
64419,3,10
3622,3,5
72307,3,5
11999,3,3
20165,3,7
23713,3,2
40534,3,5
32350,3,2
13511,3,7
N,56,3,2,6
31918,3,1
81618,3,10
8135,3,3
4101,3,10
455,3,6
63043,3,2
N,2235,3,1,14
29415,3,9
52446,3,4
18639,3,2
52953,3,7
96711,3,1
6127,3,5
99538,3,7
56415,3,1
6178,3,10
55015,3,3
81591,3,7
97537,3,4
64999,3,6
55015,3,9
N,2179,3,2,18
29863,3,1
46563,3,2
4551,3,4
36582,3,2
91803,3,8
62622,3,1
65255,3,4
24291,3,10
44062,3,5
97543,3,2
14887,3,1
52162,3,5
46215,3,4
32487,3,2
52956,3,2
89543,3,4
94311,3,4
78818,3,6
N,299,3,1,6
4038,3,3
32413,3,9
63839,3,5
31202,3,1
60067,3,3
22182,3,10
N,1011,3,1,7
44756,3,4
48339,3,2
18855,3,7
88933,3,10
40422,3,7
32463,3,9
14011,3,8
N,203,3,2,17
63198,3,4
48357,3,1
8892,3,1
13015,3,4
6019,3,4
96091,3,6
88799,3,7
6215,3,1
52945,3,2
27804,3,9
8692,3,4
69057,3,6
26303,3,7
58823,3,9
62183,3,5
9279,3,8
31947,3,2
N,643,3,2,13
43597,3,4
92819,3,3
57059,3,6
65245,3,9
88597,3,9
59367,3,10
84119,3,10
37535,3,6
64789,3,1
24198,3,3
57055,3,8
73027,3,5
37463,3,6
N,1795,3,1,18
79063,3,5
47575,3,6
6206,3,1
33368,3,6
38299,2,1
31462,3,10
19175,3,6
1095,3,8
61623,3,2
4999,3,10
73107,3,10
46182,3,2
47775,3,4
93414,3,3
81046,3,8
77383,3,4
36005,3,1
89783,3,8
N,1134,3,1,19
62461,3,9
10183,3,2
28359,3,9
89297,3,1
32423,3,4
39655,3,7
32226,3,10
6149,3,2
11302,3,2
87767,3,5
44762,3,2
73319,3,10
45591,3,1
64743,3,9
5106,3,6
32383,3,7
36359,3,5
24131,3,1
5009,3,10
N,10,3,2,6
65123,3,9
48863,3,6
81535,3,1
12771,3,5
37595,1,3
83397,3,4
N,2303,3,2,5
25295,3,7
24230,3,4
3846,3,7
23268,3,3
14049,3,8
N,139,3,1,7
97458,3,10
22981,3,10
13020,3,9
32436,3,4
88801,3,6
46751,3,9
48866,3,8
N,1282,3,2,7
13013,3,7
46259,3,6
48083,3,8
35431,3,5
24295,3,9
13959,3,5
32467,3,8
N,2198,3,1,9
68278,3,4
6171,3,1
47301,3,7
31907,3,4
16097,3,6
98019,3,5
81621,3,8
57063,3,4
52907,3,8
N,1979,3,1,15
32215,3,8
28359,3,10
31365,3,2
21718,3,2
47843,3,10
93671,3,10
38439,3,3
5395,3,5
24135,3,3
47844,3,2
22623,3,1
34535,3,3
15972,3,8
12775,3,8
65765,3,10
N,2275,3,2,16
24162,3,6
32453,3,4
52895,3,3
73138,3,8
12995,3,4
12005,3,10
60883,3,2
12763,3,1
14055,3,3
89575,3,4
89831,3,5
38084,3,3
23811,3,5
6214,3,2
47207,3,4
55937,3,8
N,2301,3,2,10
48740,3,10
60295,3,9
64997,3,7
5895,3,1
81611,3,6
23975,3,1
4871,3,9
22241,3,8
55007,3,4
19047,3,1
N,1242,3,2,13
48871,3,7
64231,3,10
38535,3,9
93923,3,10
13783,3,7
12479,3,5
52959,3,5
5751,3,3
64733,3,1
78560,3,6
77980,3,7
2805,3,6
81287,3,6
N,1263,3,2,13
78567,3,6
40679,3,3
24259,3,3
32346,3,5
32479,3,3
72358,3,7
98014,3,4
65239,3,4
2107,3,8
87395,3,8
11143,3,3
11327,3,2
8067,7,2
N,771,3,2,15
5057,3,10
15782,3,8
97989,3,10
95443,3,7
81567,3,3
62566,3,6
39653,3,4
32486,3,6
61158,3,9
76519,3,2
42679,3,10
40629,3,7
63711,3,4
40387,3,7
99815,3,2
N,451,3,2,7
96470,3,9
16103,3,9
56877,3,5
23260,3,4
47813,3,9
13343,3,5
72407,3,1
N,763,3,1,10
1078,3,5
56995,3,8
6066,3,2
56003,3,8
16035,3,9
40151,3,7
48059,3,5
83349,3,10
3971,3,3
81623,3,5
N,2962,3,2,18
6055,3,2
11943,3,3
72167,3,6
16103,3,10
10055,3,4
53726,3,8
6065,3,2
71807,3,5
36575,3,4
60995,3,1
39637,3,8
14944,3,2
72871,3,2
54671,3,4
22247,3,3
72927,3,7
89311,3,4
93924,3,8
N,2282,3,1,20
5927,3,5
85459,3,9
64871,3,1
89447,3,4
21343,3,6
48467,3,7
40405,3,2
4135,3,2
38117,3,6
81631,3,5
56343,3,7
52195,3,10
79575,3,8
23767,3,2
34519,3,7
39415,3,8
43058,3,4
71335,3,10
31141,3,4
92378,3,9
N,2299,3,1,13
24294,3,9
46305,10,1
77791,3,7
39909,3,7
20182,3,8
11327,3,8
56867,3,2
73405,3,7
58979,3,8
81631,3,7
73301,3,10
40164,3,6
32159,3,6
N,2224,3,2,12
87659,3,8
16063,3,4
11239,3,10
92375,3,7
1606,3,2
95939,3,8
5189,3,6
46357,3,8
89815,3,6
91269,3,10
4998,3,10
54362,3,9
N,1163,3,1,9
55899,3,5
65237,3,1
4677,3,4
97735,3,10
88803,3,8
47843,3,6
81173,3,7
97988,3,8
23271,3,1
N,1116,3,1,11
22631,3,7
52870,3,2
21923,3,2
84403,3,8
36601,3,5
97255,3,4
23743,3,1
35804,3,8
96480,3,5
72412,3,10
37607,3,10
N,307,3,2,17
40166,3,3
83141,3,8
32455,3,1
24031,3,4
72348,3,7
71363,3,3
40675,3,5
73283,3,8
98019,3,8
65239,3,5
79463,3,1
96515,3,5
24293,3,8
2117,3,5
11751,3,4
6183,3,8
64223,3,9
N,2291,3,1,14
40678,3,9
31204,5,5
73447,3,2
48229,3,8
20119,3,8
65119,3,7
78567,3,2
1591,3,2
71395,3,5
64487,3,4
27953,3,1
64231,3,4
61127,3,6
37599,3,4
N,1123,3,2,10
32463,3,5
89317,3,5
63059,3,5
56661,3,9
40030,3,9
39655,3,8
63046,3,8
32399,3,1
48327,3,9
56039,3,4
N,953,3,2,5
14781,3,1
23589,3,3
27588,3,2
47847,3,7
81383,3,9
N,155,3,1,16
62881,3,8
31655,3,6
4651,3,1
80903,3,1
63639,3,4
1541,3,2
88743,3,6
61143,3,7
71,3,2
48861,3,10
48853,3,4
97951,3,10
31365,3,1
98023,3,7
8134,3,6
87271,3,3
N,11,3,2,7
16103,3,9
97959,3,3
72995,3,10
57063,3,10
39900,3,1
44063,3,6
81430,3,8
O,3,1,186
I,3,1,23
R,3,1,316
D,3,1
P,6,8,203,1084.28
P,3,1,2175,624.34
D,3,9
N,2147,3,1,8
28194,3,8
3879,3,1
48735,3,8
29287,3,7
4164,3,5
70873,3,2
34503,3,1
62949,3,6
N,1118,3,2,9
24191,3,7
65232,3,2
35559,3,6
27680,3,3
36576,3,4
72293,3,9
54114,3,5
40613,3,1
11907,3,6
N,2303,3,1,20
96836,3,5
13425,3,8
63129,3,10
87774,3,10
14903,3,6
15078,3,1
65238,3,2
19939,3,7
80417,3,4
81255,3,6
63399,3,1
76909,3,1
73191,3,10
40597,3,4
95940,3,5
41191,3,10
10175,3,2
99175,3,6
15845,3,8
99965,3,5
N,323,3,2,13
32163,3,3
79331,3,8
2119,3,6
69351,3,5
48759,3,1
23682,3,7
81635,3,1
39638,3,1
53971,3,1
72303,1,5
46501,3,7
71804,3,4
63011,3,3
N,1008,3,1,18
63957,3,6
50887,3,1
48871,3,2
31822,3,8
73313,3,3
72343,3,10
71877,3,5
56919,3,6
2621,3,6
1571,3,10
68219,3,7
96467,3,1
77396,3,3
81479,3,6
21063,3,7
10307,3,3
27845,3,1
38499,3,4
N,1431,3,2,11
56095,3,2
96215,3,10
32423,3,1
52949,3,3
14015,3,5
64453,3,1
44775,3,8
89575,3,1
1863,3,4
97999,3,6
15969,3,7
N,331,3,1,12
37919,3,8
45727,3,1
46754,3,4
88950,3,4
36578,3,9
56483,3,8
15047,3,8
67299,3,8
40573,3,1
15046,3,5
57063,3,6
3655,3,5
N,1283,3,1,16
76462,3,4
11995,3,7
52927,3,8
11997,3,2
64295,3,5
46435,3,1
34023,3,10
99583,3,6
13923,3,4
32359,3,7
2023,3,5
87747,3,7
79317,3,6
63747,3,7
90789,3,9
54173,3,2
N,1283,3,2,7
86246,3,4
76823,3,1
60355,3,1
13223,3,6
55451,3,4
39889,3,7
97127,3,5
N,7,3,2,10
25318,3,5
6207,3,6
64134,3,6
98010,3,6
13767,3,4
29149,3,4
6054,3,1
65159,3,4
87767,3,1
12061,3,6
N,331,3,2,13
57004,3,6
97717,3,7
21991,3,2
96862,3,5
54503,3,3
85535,3,4
56807,3,1
47847,3,4
81543,3,9
89423,3,6
38631,3,10
31717,3,10
29213,3,6
N,981,3,1,11
11491,3,4
48606,3,1
88543,3,5
44642,3,10
77184,3,5
54501,3,6
65255,3,3
87519,3,3
56022,3,2
71398,3,5
23655,3,7
N,759,3,2,5
82889,3,4
68318,3,4
11845,3,10
65223,3,1
95839,3,10
N,47,3,2,16
97445,3,8
24282,3,2
4858,3,10
5951,3,1
80519,3,7
96839,3,10
10643,3,5
52885,3,10
40375,3,9
64710,3,5
39123,3,8
37090,3,5
64217,3,4
20199,3,8
16074,3,6
79303,3,9
N,2305,3,2,12
45733,3,6
34531,3,4
31974,3,9
48323,3,3
39847,3,9
89300,3,4
32183,3,3
97474,3,9
22247,3,10
77543,3,8
81428,3,1
31356,3,8
N,138,3,2,16
31911,3,9
5633,3,1
39624,3,6
42705,3,6
40678,3,1
37575,3,10
32130,3,5
57062,3,6
6053,3,10
93907,3,3
24223,3,7
48871,3,3
37369,3,8
65127,3,1
5479,3,5
68327,3,9
N,2181,3,1,18
6053,3,6
89703,3,1
93859,3,9
6183,3,2
39639,3,2
97682,3,8
48801,3,7
11866,3,10
98790,3,6
48591,3,7
67,3,1
11853,3,3
48615,3,8
57061,3,4
59107,3,9
32447,3,2
64676,3,4
97575,3,6
N,331,3,2,14
97895,3,5
29232,3,1
5395,3,9
57059,3,8
77511,3,4
24026,3,9
50919,3,8
6086,3,2
16093,3,1
57063,3,8
64678,3,4
40671,3,10
97854,3,7
62179,3,8
N,770,3,1,9
73183,3,8
44263,3,7
80615,3,10
73319,3,1
31926,3,2
46023,2,2
2119,3,2
40639,3,3
1639,3,10
N,74,3,2,7
64869,3,8
40101,3,6
56678,3,10
5175,3,5
31335,3,2
82503,3,9
39647,3,5
N,355,3,1,20
79074,3,5
22238,3,5
13791,3,6
51684,3,10
52166,3,9
44358,3,7
97828,3,8
71907,7,2
37407,3,3
86694,3,7
2119,3,1
16103,3,4
19685,3,10
73308,3,10
95933,3,7
14047,3,4
78965,3,7
14051,3,7
77155,3,5
40674,3,4
